100	1.9321907533123033e-8
110	2.53494862448207e-8
120	3.2460061237672294e-8
130	4.073050888532469e-8
140	5.023599092716015e-8
150	6.105008575872985e-8
160	7.32449011270937e-8
170	8.689117189881204e-8
180	1.0205834566999362e-7
190	1.1881465834624941e-7
200	1.3722720135324792e-7
210	1.5736198179230224e-7
220	1.7928397659457586e-7
230	2.0305718152809197e-7
240	2.2874465575725126e-7
250	2.564085625334215e-7
260	2.861102064991014e-7
270	3.179100680112176e-7
280	3.518678348268931e-7
290	3.88042431444294e-7
300	4.2649204634944377e-7
310	4.6727415738536327e-7
320	5.104455554310949e-7
330	5.56062366554001e-7
340	6.041800727783415e-7
350	6.548535315958135e-7
360	7.081369943289726e-7
370	7.6408412344579e-7
380	8.227480089126969e-7
390	8.841811836640232e-7
400	9.484356382575567e-7
410	1.015562834778791e-6
420	1.0856137200501867e-6
430	1.1586387381962712e-6
440	1.234687842610574e-6
450	1.3138105073661075e-6
460	1.396055738107326e-6
470	1.4814720824581081e-6
480	1.5701076399773302e-6
490	1.6620100716908851e-6
500	1.7572266092266137e-6
510	1.8558040635764651e-6
520	1.9577888335082263e-6
530	2.0632269136474437e-6
540	2.1721639022485574e-6
550	2.284645008672831e-6
560	2.4007150605893636e-6
570	2.5204185109142845e-6
580	2.643799444502168e-6
590	2.7709015846026748e-6
600	2.901768299094599e-6
610	3.0364426065086043e-6
620	3.17496718184924e-6
630	3.3173843622260837e-6
640	3.4637361523032584e-6
650	3.6140642295759777e-6
660	3.7684099494821953e-6
670	3.9268143503570125e-6
680	4.089318158236958e-6
690	4.255961791520862e-6
700	4.426785365493673e-6
710	4.6018286967191535e-6
720	4.781131307307077e-6
730	4.964732429060245e-6
740	5.152671007506319e-6
750	5.344985705819173e-6
760	5.541714908634302e-6
770	5.742896725762501e-6
780	5.9485689958057735e-6
790	6.1587692896793874e-6
800	6.373534914043579e-6
810	6.592902914648431e-6
820	6.816910079595078e-6
830	7.0455929425164546e-6
840	7.278987785680413e-6
850	7.517130643018118e-6
860	7.760057303080306e-6
870	8.00780331192401e-6
880	8.260403975932157e-6
890	8.517894364568322e-6
900	8.78030931306892e-6
910	9.047683425074877e-6
920	9.32005107520481e-6
930	9.597446411571684e-6
940	9.87990335824477e-6
950	0.0000101674556176586
960	0.000010460136672970735
970	0.000010757979790369882
980	0.000011061018021335907
990	0.000011369284204853254
1000	0.000011682810969579226
1010	0.000012001630735968435
1020	0.000012325775718354756
1030	0.0000126552779269921
1040	0.000012990169170055127
1050	0.000013330481055601132
1060	0.000013676244993494207
1070	0.000014027492197292743
1080	0.000014384253686101338
1090	0.000014746560286388066
1100	0.000015114442633768109
1110	0.000015487931174754663
1120	0.000015867056168478027
1130	0.00001625184768837365
1140	0.00001664233562384015
1150	0.00001703854968186788
1160	0.000017440519388638966
1170	0.000017848274091099544
1180	0.000018261842958504858
1190	0.00001868125498393796
1200	0.000019106538985802634
1210	0.000019537723609291308
1220	0.00001997483732782843
1230	0.000020417908444490014
1240	0.000020866965093399897
1250	0.000021322035241103374
1260	0.000021783146687918503
1270	0.000022250327069266004
1280	0.00002272360385697791
1290	0.000023203004360585624
1300	0.000023688555728587884
1310	0.000024180284949699082
1320	0.000024678218854078323
1330	0.00002518238411453977
1340	0.000025692807247744616
1350	0.000026209514615375188
1360	0.00002673253242529143
1370	0.000027261886732670342
1380	0.000027797603441128665
1390	0.000028339708303829062
1400	0.00002888822692457045
1410	0.000029443184758862448
1420	0.000030004607114984648
1430	0.00003057251915503075
1440	0.00003114694589593802
1450	0.000031727912210502335
1460	0.00003231544282837929
1470	0.00003290956233707113
1480	0.00003351029518290059
1490	0.00003411766567197118
1500	0.00003473169797111466
1510	0.000035352416108825696
1520	0.0000359798439761841
1530	0.000036614005327764894
1540	0.000037254923782536326
1550	0.0000379026228247461
1560	0.00003855712580479638
1570	0.00003921845594010708
1580	0.00003988663631596846
1590	0.000040561689886382586
1600	0.00004124363947489436
1610	0.00004193250777541195
1620	0.00004262831735301702
1630	0.00004333109064476487
1640	0.00004404084996047474
1650	0.00004475761748351038
1660	0.00004548141527155108
1670	0.000046212265257353474
1680	0.000046950189249503956
1690	0.00004769520893316234
1700	0.00004844734587079641
1710	0.00004920662150290802
1720	0.00004997305714875042
1730	0.00005074667400703741
1740	0.00005152749315664402
1750	0.00005231553555729939
1760	0.000053110822050271304
1770	0.000053913373359043305
1780	0.000054723210089983765
1790	0.000055540352733007625
1800	0.00005636482166223054
1810	0.000057196637136616015
1820	0.0000580358193006148
1830	0.00005888238818479786
1840	0.00005973636370648187
1850	0.00006059776567034824
1860	0.0000614666137690551
1870	0.00006234292758384302
1880	0.00006322672658513385
1890	0.0000641180301331234
1900	0.00006501685747836777
1910	0.00006592322776236338
1920	0.00006683716001812105
1930	0.00006775867317073396
1940	0.0000686877860379396
1950	0.00006962451733067622
1960	0.00007056888565363313
1970	0.00007152090950579573
1980	0.0000724806072809847
1990	0.0000734479972683899
2000	0.00007442309765309877
2010	0.00007540592651661948
2020	0.00007639650183739868
2030	0.0000773948414913345
2040	0.00007840096325228404
2050	0.00007941488479256602
2060	0.00008043662368345861
2070	0.00008146619739569228
2080	0.00008250362329993774
2090	0.00008354891866728955
2100	0.0000846021006697448
2110	0.00008566318638067707
2120	0.00008673219277530632
2130	0.00008780913673116384
2140	0.00008889403502855324
2150	0.00008998690435100671
2160	0.00009108776128573752
2170	0.00009219662232408759
2180	0.00009331350386197186
2190	0.00009443842220031748
2200	0.00009557139354549995
2210	0.0000967124340097747
2220	0.00009786155961170488
2230	0.00009901878627658551
2240	0.00010018412983686327
2250	0.00010135760603255308
2260	0.00010253923051165062
2270	0.00010372901883054156
2280	0.00010492698645440661
2290	0.0001061331487576234
2300	0.00010734752102416477
2310	0.0001085701184479936
2320	0.00010980095613345394
2330	0.00011104004909565928
2340	0.00011228741226087696
2350	0.00011354306046690945
2360	0.00011480700846347254
2370	0.00011607927091257006
2380	0.00011735986238886568
2390	0.00011864879738005122
2400	0.00011994609028721231
2410	0.00012125175542519062
2420	0.00012256580702294306
2430	0.00012388825922389864
2440	0.00012521912608631138
2450	0.00012655842158361096
2460	0.0001279061596047505
2470	0.00012926235395455132
2480	0.0001306270183540447
2490	0.00013200016644081158
2500	0.00013338181176931856
2510	0.00013477196781125188
2520	0.0001361706479558487
2530	0.00013757786551022548
2540	0.00013899363369970354
2550	0.00014041796566813296
2560	0.00014185087447821286
2570	0.00014329237311180973
2580	0.00014474247447027338
2590	0.00014620119137474991
2600	0.00014766853656649297
2610	0.0001491445227071719
2620	0.00015062916237917792
2630	0.00015212246808592785
2640	0.0001536244522521657
2650	0.0001551351272242615
2660	0.0001566545052705087
2670	0.00015818259858141798
2680	0.00015971941927001056
2690	0.00016126497937210776
2700	0.00016281929084661925
2710	0.0001643823655758292
2720	0.0001659542153656798
2730	0.00016753485194605304
2740	0.00016912428697105026
2750	0.00017072253201927005
2760	0.00017232959859408346
2770	0.00017394549812390763
2780	0.00017557024196247745
2790	0.00017720384138911522
2800	0.00017884630760899812
2810	0.0001804976517534241
2820	0.00018215788488007564
2830	0.0001838270179732819
2840	0.00018550506194427873
2850	0.00018719202763146684
2860	0.00018888792580066846
2870	0.00019059276714538195
2880	0.00019230656228703448
2890	0.00019402932177523338
2900	0.00019576105608801552
2910	0.00019750177563209473
2920	0.00019925149074310813
2930	0.00020101021168585995
2940	0.00020277794865456426
2950	0.00020455471177308597
2960	0.00020634051109518018
2970	0.00020813535660472963
2980	0.00020993925821598085
2990	0.0002117522257737787
3000	0.0002135742690537991
3010	0.00021540539776278045
3020	0.00021724562153875354
3030	0.00021909494995126966
3040	0.00022095339250162725
3050	0.0002228209586230974
3060	0.00022469765768114776
3070	0.00022658349897366402
3080	0.00022847849173117184
3090	0.00023038264511705575
3100	0.0002322959682277769
3110	0.00023421847009309023
3120	0.0002361501596762589
3130	0.0002380910458742689
3140	0.0002400411375180411
3150	0.00024200044337264188
3160	0.00024396897213749383
3170	0.000245946732446583
3180	0.0002479337328686673
3190	0.00024992998190748097
3200	0.0002519354880019399
3210	0.00025395025952634445
3220	0.0002559743047905815
3230	0.0002580076320403252
3240	0.00026005024945723585
3250	0.0002621021651591592
3260	0.00026416338720032214
3270	0.0002662339235715293
3280	0.0002683137822003574
3290	0.00027040297095134823
3300	0.0002725014976262013
3310	0.0002746093699639648
3320	0.0002767265956412252
3330	0.0002788531822722961
3340	0.00028098913740940573
3350	0.0002831344685428836
3360	0.0002852891831013457
3370	0.0002874532884518785
3380	0.0002896267919002222
3390	0.00029180970069095325
3400	0.00029400202200766465
3410	0.0002962037629731458
3420	0.00029841493064956207
3430	0.000300635532038632
3440	0.00030286557408180394
3450	0.00030510506366043235
3460	0.0003073540075959519
3470	0.00030961241265005135
3480	0.00031188028552484644
3490	0.00031415763286305154
3500	0.0003164444612481499
3510	0.00031874077720456365
3520	0.00032104658719782255
3530	0.00032336189763473204
3540	0.00032568671486353973
3550	0.00032802104517410123
3560	0.0003303648947980453
3570	0.00033271826990893805
3580	0.0003350811766224454
3590	0.00033745362099649553
3600	0.00033983560903144114
3610	0.00034222714667021825
3620	0.00034462823979850644
3630	0.0003470388942448878
3640	0.0003494591157810038
3650	0.0003518889101217133
3660	0.00035432828292524714
3670	0.0003567772397933647
3680	0.000359235786271507
3690	0.000361703927848951
3700	0.00036418166995896156
3710	0.00036666901797894393
3720	0.00036916597723059464
3730	0.0003716725529800505
3740	0.0003741887504380394
3750	0.0003767145747600285
3760	0.0003792500310463712
3770	0.00038179512434245505
3780	0.0003843498596388475
3790	0.0003869142418714415
3800	0.0003894882759215998
3810	0.0003920719666162993
3820	0.0003946653187282737
3830	0.00039726833697615617
3840	0.0003998810260246212
3850	0.00040250339048452483
3860	0.0004051354349130451
3870	0.0004077771638138218
3880	0.0004104285816370947
3890	0.0004130896927798421
3900	0.0004157605015859171
3910	0.00041844101234618557
3920	0.0004211312292986604
3930	0.0004238311566286384
3940	0.0004265407984688332
3950	0.00042926015889950997
3960	0.00043198924194861883
3970	0.0004347280515919258
3980	0.0004374765917531464
3990	0.0004402348663040754
4000	0.0004430028790647182
4010	0.0004457806338034201
4020	0.0004485681342369953
4030	0.00045136538403085585
4040	0.0004541723867991397
4050	0.00045698914610483676
4060	0.0004598156654599173
4070	0.0004626519483254561
4080	0.000465497998111759
4090	0.00046835381817848755
4100	0.0004712194118347825
4110	0.00047409478233938787
4120	0.00047697993290077355
4130	0.0004798748666772579
4140	0.0004827795867771293
4150	0.0004856940962587675
4160	0.0004886183981307636
4170	0.0004915524953520409
4180	0.0004944963908319734
4190	0.0004974500874305056
4200	0.0005004135879582698
4210	0.0005033868951767039
4220	0.0005063700117981694
4230	0.0005093629404860672
4240	0.0005123656838549538
4250	0.0005153782444706565
4260	0.0005184006248503891
4270	0.0005214328274628654
4280	0.0005244748547284137
4290	0.0005275267090190898
4300	0.0005305883926587895
4310	0.0005336599079233616
4320	0.0005367412570407193
4330	0.0005398324421909511
4340	0.0005429334655064318
4350	0.0005460443290719328
4360	0.0005491650349247315
4370	0.0005522955850547207
4380	0.0005554359814045172
4390	0.0005585862258695698
4400	0.0005617463202982675
4410	0.0005649162664920464
4420	0.0005680960662054959
4430	0.000571285721146466
4440	0.0005744852329761718
4450	0.0005776946033093003
4460	0.0005809138337141133
4470	0.0005841429257125539
4480	0.0005873818807803482
4490	0.0005906307003471101
4500	0.000593889385796444
4510	0.0005971579384660465
4520	0.0006004363596478098
4530	0.0006037246505879218
4540	0.0006070228124869685
4550	0.0006103308465000333
4560	0.000613648753736799
4570	0.0006169765352616458
4580	0.0006203141920937511
4590	0.0006236617252071898
4600	0.000627019135531031
4610	0.0006303864239494365
4620	0.0006337635913017594
4630	0.00063715063838264
4640	0.0006405475659421036
4650	0.0006439543746856561
4660	0.0006473710652743802
4670	0.0006507976383250314
4680	0.0006542340944101323
4690	0.0006576804340580681
4700	0.00066113665775318
4710	0.0006646027659358603
4720	0.0006680787590026449
4730	0.0006715646373063069
4740	0.0006750604011559491
4750	0.0006785660508170966
4760	0.0006820815865117881
4770	0.0006856070084186683
4780	0.000689142316673079
4790	0.0006926875113671489
4800	0.0006962425925498852
4810	0.0006998075602272624
4820	0.0007033824143623131
4830	0.0007069671548752168
4840	0.0007105617816433886
4850	0.0007141662945015689
4860	0.0007177806932419091
4870	0.0007214049776140618
4880	0.0007250391473252675
4890	0.0007286832020404413
4900	0.0007323371413822596
4910	0.0007360009649312478
4920	0.0007396746722258638
4930	0.0007433582627625866
4940	0.0007470517359959995
4950	0.0007507550913388757
4960	0.0007544683281622637
4970	0.00075819144579557
4980	0.0007619244435266446
4990	0.0007656673206018639
5000	0.0007694200762262138
5010	0.0007731827095633728
5020	0.0007769552197357957
5030	0.0007807376058247939
5040	0.0007845298668706184
5050	0.0007883320018725418
5060	0.0007921440097889395
5070	0.0007959658895373695
5080	0.0007997976399946545
5090	0.0008036392599969615
5100	0.0008074907483398827
5110	0.0008113521037785137
5120	0.0008152233250275337
5130	0.0008191044107612856
5140	0.0008229953596138526
5150	0.0008268961701791396
5160	0.0008308068410109474
5170	0.0008347273706230548
5180	0.000838657757489293
5190	0.0008425980000436246
5200	0.0008465480966802206
5210	0.0008505080457535351
5220	0.0008544778455783844
5230	0.000858457494430021
5240	0.0008624469905442109
5250	0.0008664463321173068
5260	0.0008704555173063269
5270	0.0008744745442290265
5280	0.0008785034109639745
5290	0.0008825421155506266
5300	0.0008865906559894009
5310	0.00089064903024175
5320	0.0008947172362302354
5330	0.0008987952718386011
5340	0.0009028831349118455
5350	0.0009069808232562954
5360	0.0009110883346396769
5370	0.0009152056667911889
5380	0.0009193328174015743
5390	0.0009234697841231919
5400	0.0009276165645700869
5410	0.0009317731563180644
5420	0.0009359395569047565
5430	0.0009401157638296955
5440	0.0009443017745543846
5450	0.0009484975865023654
5460	0.0009527031970592905
5470	0.0009569186035729902
5480	0.0009611438033535445
5490	0.0009653787936733508
5500	0.0009696235717671916
5510	0.0009738781348323057
5520	0.000978142480028454
5530	0.0009824166044779883
5540	0.0009867005052659197
5550	0.000990994179439986
5560	0.0009952976240107173
5570	0.0009996108359515057
5580	0.0010039338121986695
5590	0.001008266549651522
5600	0.001012609045172437
5610	0.0010169612955869137
5620	0.0010213232976836442
5630	0.001025695048214578
5640	0.001030076543894988
5650	0.0010344677814035366
5660	0.001038868757382338
5670	0.0010432794684370247
5680	0.0010476999111368123
5690	0.0010521300820145619
5700	0.0010565699775668467
5710	0.0010610195942540135
5720	0.0010654789285002467
5730	0.0010699479766936334
5740	0.001074426735186224
5750	0.0010789152002940964
5760	0.0010834133682974185
5770	0.0010879212354405108
5780	0.001092438797931909
5790	0.0010969660519444249
5800	0.0011015029936152084
5810	0.00110604961904581
5820	0.0011106059243022424
5830	0.00111517190541504
5840	0.0011197475583793201
5850	0.0011243328791548466
5860	0.0011289278636660862
5870	0.001133532507802272
5880	0.001138146807417462
5890	0.0011427707583305993
5900	0.001147404356325573
5910	0.001152047597151275
5920	0.001156700476521663
5930	0.0011613629901158157
5940	0.0011660351335779952
5950	0.001170716902517703
5960	0.0011754082925097417
5970	0.0011801092990942682
5980	0.0011848199177768575
5990	0.001189540144028557
6000	0.001194269973285946
6010	0.001199009400951191
6020	0.0012037584223921062
6030	0.0012085170329422085
6040	0.0012132852279007752
6050	0.0012180630025329002
6060	0.0012228503520695516
6070	0.0012276472717076266
6080	0.0012324537566100096
6090	0.0012372698019056266
6100	0.0012420954026895025
6110	0.0012469305540228149
6120	0.0012517752509329516
6130	0.0012566294884135641
6140	0.0012614932614246253
6150	0.0012663665648924806
6160	0.0012712493937099062
6170	0.0012761417427361618
6180	0.0012810436067970457
6190	0.0012859549806849488
6200	0.0012908758591589082
6210	0.0012958062369446631
6220	0.001300746108734705
6230	0.0013056954691883337
6240	0.001310654312931712
6250	0.001315622634557915
6260	0.0013206004286269862
6270	0.0013255876896659884
6280	0.0013305844121690585
6290	0.0013355905905974583
6300	0.001340606219379627
6310	0.0013456312929112358
6320	0.0013506658055552345
6330	0.0013557097516419098
6340	0.0013607631254689318
6350	0.001365825921301409
6360	0.0013708981333719384
6370	0.0013759797558806559
6380	0.001381070782995287
6390	0.001386171208851202
6400	0.0013912810275514605
6410	0.0013964002331668653
6420	0.0014015288197360145
6430	0.0014066667812653467
6440	0.0014118141117291968
6450	0.0014169708050698405
6460	0.0014221368551975498
6470	0.0014273122559906358
6480	0.0014324970012955063
6490	0.001437691084926707
6500	0.0014428945006669772
6510	0.001448107242267294
6520	0.0014533293034469234
6530	0.0014585606778934714
6540	0.001463801359262926
6550	0.0014690513411797128
6560	0.0014743106172367393
6570	0.0014795791809954417
6580	0.001484857025985838
6590	0.0014901441457065704
6600	0.0014954405336249574
6610	0.0015007461831770372
6620	0.0015060610877676193
6630	0.0015113852407703265
6640	0.00151671863552765
6650	0.0015220612653509867
6660	0.0015274131235206928
6670	0.0015327742032861292
6680	0.0015381444978657067
6690	0.0015435240004469317
6700	0.0015489127041864565
6710	0.00155431060221012
6720	0.0015597176876129986
6730	0.0015651339534594481
6740	0.0015705593927831528
6750	0.001575993998587169
6760	0.0015814377638439688
6770	0.0015868906814954912
6780	0.00159235274445318
6790	0.0015978239455980352
6800	0.0016033042777806531
6810	0.0016087937338212742
6820	0.0016142923065098267
6830	0.0016197999886059706
6840	0.001625316772839143
6850	0.0016308426519086009
6860	0.0016363776184834676
6870	0.0016419216652027741
6880	0.001647474784675506
6890	0.0016530369694806436
6900	0.001658608212167209
6910	0.0016641885052543054
6920	0.0016697778412311675
6930	0.0016753762125571953
6940	0.0016809836116620058
6950	0.0016866000309454705
6960	0.0016922254627777609
6970	0.0016978598994993898
6980	0.0017035033334212553
6990	0.0017091557568246832
7000	0.001714817161961466
7010	0.0017204875410539104
7020	0.0017261668862948764
7030	0.001731855189847819
7040	0.0017375524438468328
7050	0.0017432586403966885
7060	0.0017489737715728816
7070	0.001754697829421667
7080	0.0017604308059601058
7090	0.001766172693176105
7100	0.0017719234830284548
7110	0.0017776831674468762
7120	0.0017834517383320586
7130	0.0017892291875556982
7140	0.0017950155069605435
7150	0.0018008106883604328
7160	0.0018066147235403368
7170	0.0018124276042563957
7180	0.0018182493222359624
7190	0.0018240798691776434
7200	0.0018299192367513353
7210	0.0018357674165982662
7220	0.0018416244003310366
7230	0.0018474901795336612
7240	0.0018533647457616006
7250	0.001859248090541809
7260	0.0018651402053727712
7270	0.0018710410817245392
7280	0.0018769507110387746
7290	0.0018828690847287857
7300	0.0018887961941795681
7310	0.0018947320307478417
7320	0.001900676585762089
7330	0.001906629850522599
7340	0.0019125918163014981
7350	0.0019185624743427937
7360	0.0019245418158624105
7370	0.0019305298320482294
7380	0.0019365265140601261
7390	0.0019425318530300062
7400	0.0019485458400618485
7410	0.001954568466231737
7420	0.0019605997225879013
7430	0.0019666396001507573
7440	0.0019726880899129363
7450	0.0019787451828393323
7460	0.0019848108698671315
7470	0.0019908851419058534
7480	0.001996967989837387
7490	0.002003059404516029
7500	0.0020091593767685174
7510	0.0020152678973940717
7520	0.0020213849571644286
7530	0.0020275105468238767
7540	0.0020336446570892956
7550	0.0020397872786501923
7560	0.002045938402168734
7570	0.002052098018279789
7580	0.00205826611759096
7590	0.0020644426906826193
7600	0.002070627728107948
7610	0.00207682122039297
7620	0.002083023158036585
7630	0.002089233531510611
7640	0.002095452331259812
7650	0.002101679547701939
7660	0.002107915171227763
7670	0.0021141591922011114
7680	0.0021204116009589007
7690	0.002126672387811177
7700	0.0021329415430411426
7710	0.0021392190569051997
7720	0.0021455049196329803
7730	0.0021517991214273792
7740	0.0021581016524645944
7750	0.0021644125028941587
7760	0.0021707316628389707
7770	0.0021770591223953363
7780	0.0021833948716329958
7790	0.0021897389005951645
7800	0.00219609119929856
7810	0.002202451757733443
7820	0.002208820565863648
7830	0.0022151976136266147
7840	0.002221582890933428
7850	0.0022279763876688428
7860	0.0022343780936913285
7870	0.002240787998833092
7880	0.0022472060929001197
7890	0.002253632365672205
7900	0.0022600668069029826
7910	0.0022665094063199637
7920	0.0022729601536245693
7930	0.0022794190384921595
7940	0.00228588605057207
7950	0.0022923611794876415
7960	0.0022988444148362586
7970	0.0023053357461893745
7980	0.00231183516309255
7990	0.002318342655065483
8000	0.002324858211602039
8010	0.0023313818221702893
8020	0.0023379134762125386
8030	0.002344453163145358
8040	0.002351000872359616
8050	0.002357556593220514
8060	0.0023641203150676178
8070	0.002370692027214882
8080	0.0023772717189506935
8090	0.002383859379537894
8100	0.0023904549982138156
8110	0.0023970585641903113
8120	0.0024036700666537894
8130	0.0024102894947652365
8140	0.0024169168376602618
8150	0.0024235520844491155
8160	0.0024301952242167272
8170	0.002436846246022736
8180	0.002443505138901519
8190	0.0024501718918622274
8200	0.0024568464938888104
8210	0.0024635289339400507
8220	0.0024702192009495943
8230	0.0024769172838259813
8240	0.002483623171452674
8250	0.0024903368526880917
8260	0.0024970583163656385
8270	0.0025037875512937302
8280	0.002510524546255834
8290	0.0025172692900104878
8300	0.002524021771291338
8310	0.002530781978807167
8320	0.0025375499012419214
8330	0.0025443255272547447
8340	0.0025511088454800066
8350	0.00255789984452733
8360	0.002564698512981624
8370	0.002571504839403114
8380	0.0025783188123273655
8390	0.0025851404202653213
8400	0.0025919696517033245
8410	0.002598806495103153
8420	0.002605650938902043
8430	0.0026125029715127236
8440	0.002619362581323444
8450	0.0026262297566980015
8460	0.00263310448597577
8470	0.0026399867574717316
8480	0.002646876559476504
8490	0.0026537738802563677
8500	0.0026606787080532997
8510	0.0026675910310849918
8520	0.002674510837544895
8530	0.002681438115602231
8540	0.002688372853402034
8550	0.00269531503906517
8560	0.0027022646606883714
8570	0.0027092217063442604
8580	0.002716186164081381
8590	0.0027231580219242253
8600	0.0027301372678732623
8610	0.0027371238899049615
8620	0.0027441178759718297
8630	0.002751119214002431
8640	0.0027581278919014173
8650	0.0027651438975495554
8660	0.0027721672188037562
8670	0.0027791978434971035
8680	0.0027862357594388744
8690	0.0027932809544145756
8700	0.0028003334161859654
8710	0.002807393132491081
8720	0.002814460091044273
8730	0.0028215342795362185
8740	0.002828615685633963
8750	0.002835704296980937
8760	0.0028428001011969926
8770	0.002849903085878417
8780	0.002857013238597975
8790	0.002864130546904922
8800	0.0028712549983250413
8810	0.0028783865803606655
8820	0.0028855252804907017
8830	0.002892671086170664
8840	0.002899823984832693
8850	0.0029069839638855887
8860	0.0029141510107148325
8870	0.002921325112682614
8880	0.0029285062571278615
8890	0.002935694431366262
8900	0.0029428896226902906
8910	0.002950091818369239
8920	0.0029573010056492357
8930	0.0029645171717532785
8940	0.002971740303881255
8950	0.002978970389209969
8960	0.0029862074148931735
8970	0.002993451368061585
8980	0.0030007022358229194
8990	0.0030079600052619095
9000	0.0030152246634403395
9010	0.0030224961973970618
9020	0.0030297745941480258
9030	0.003037059840686306
9040	0.003044351923982125
9050	0.0030516508309828766
9060	0.0030589565486131565
9070	0.0030662690637747797
9080	0.003073588363346815
9090	0.003080914434185604
9100	0.0030882472631247864
9110	0.0030955868369753254
9120	0.003102933142525536
9130	0.0031102861665411067
9140	0.0031176458957651206
9150	0.00312501231691809
9160	0.00313238541669797
9170	0.003139765181780195
9180	0.0031471515988176907
9190	0.0031545446544409064
9200	0.003161944335257842
9210	0.0031693506278540617
9220	0.00317676351879273
9230	0.0031841829946146296
9240	0.0031916090418381855
9250	0.0031990416469594917
9260	0.0032064807964523366
9270	0.0032139264767682228
9280	0.0032213786743363927
9290	0.0032288373755638543
9300	0.003236302566835406
9310	0.003243774234513654
9320	0.0032512523649390443
9330	0.0032587369444298806
9340	0.003266227959282354
9350	0.0032737253957705586
9360	0.003281229240146521
9370	0.0032887394786402257
9380	0.003296256097459629
9390	0.0033037790827906977
9400	0.0033113084207974136
9410	0.003318844097621817
9420	0.003326386099384012
9430	0.0033339344121822035
9440	0.0033414890220927135
9450	0.003349049915170004
9460	0.0033566170774467037
9470	0.00336419049493363
9480	0.0033717701536198075
9490	0.003379356039472499
9500	0.003386948138437222
9510	0.003394546436437776
9520	0.0034021509193762614
9530	0.0034097615731331038
9540	0.0034173783835670804
9550	0.0034250013365153343
9560	0.0034326304177934074
9570	0.003440265613195257
9580	0.003447906908493275
9590	0.0034555542894383197
9600	0.0034632077417597338
9610	0.0034708672511653605
9620	0.0034785328033415785
9630	0.0034862043839533146
9640	0.0034938819786440693
9650	0.003501565573035938
9660	0.0035092551527296342
9670	0.003516950703304513
9680	0.0035246522103185925
9690	0.0035323596593085705
9700	0.003540073035789856
9710	0.0035477923252565814
9720	0.0035555175131816333
9730	0.003563248585016671
9740	0.0035709855261921424
9750	0.0035787283221173152
9760	0.0035864769581802946
9770	0.0035942314197480434
9780	0.003601991692166406
9790	0.003609757760760128
9800	0.003617529610832881
9810	0.003625307227667281
9820	0.003633090596524913
9830	0.0036408797026463444
9840	0.003648674531251157
9850	0.0036564750675379676
9860	0.0036642812966844367
9870	0.003672093203847305
9880	0.003679910774162408
9890	0.0036877339927446897
9900	0.003695562844688245
9910	0.003703397315066315
9920	0.0037112373889313243
9930	0.003719083051314901
9940	0.0037269342872278894
9950	0.0037347910816603823
9960	0.0037426534195817286
9970	0.0037505212859405665
9980	0.0037583946656648375
9990	0.0037662735436618097
10000	0.0037741579048180957
10010	0.003782047733999674
10020	0.003789943016051915
10030	0.0037978437357995957
10040	0.003805749878046919
10050	0.0038136614275775405
10060	0.0038215783691545845
10070	0.0038295006875206663
10080	0.003837428367397911
10090	0.0038453613934879725
10100	0.00385329975047206
10110	0.0038612434230109504
10120	0.003869192395745018
10130	0.00387714665329424
10140	0.0038851061802582347
10150	0.0038930709612162665
10160	0.003901040980727276
10170	0.003909016223329895
10180	0.003916996673542463
10190	0.00392498231586306
10200	0.003932973134769512
10210	0.003940969114719419
10220	0.003948970240150171
10230	0.003956976495478975
10240	0.0039649878651028606
10250	0.003973004333398717
10260	0.003981025884723299
10270	0.003989052503413254
10280	0.003997084173785138
10290	0.0040051208801354385
10300	0.004013162606740592
10310	0.004021209337856997
10320	0.004029261057721051
10330	0.004037317750549153
10340	0.004045379400537726
10350	0.004053445991863245
10360	0.004061517508682246
10370	0.004069593935131353
10380	0.0040776752553272925
10390	0.004085761453366912
10400	0.004093852513327205
10410	0.004101948419265323
10420	0.004110049155218601
10430	0.0041181547052045716
10440	0.004126265053220988
10450	0.0041343801832458334
10460	0.004142500079237359
10470	0.004150624725134083
10480	0.004158754104854821
10490	0.004166888202298699
10500	0.004175027001345177
10510	0.004183170485854066
10520	0.004191318639665544
10530	0.0041994714466001785
10540	0.0042076288904589415
10550	0.004215790955023233
10560	0.004223957624054895
10570	0.00423212888129623
10580	0.004240304710470027
10590	0.004248485095279567
10600	0.004256670019408652
10610	0.0042648594665216245
10620	0.004273053420263372
10630	0.004281251864259361
10640	0.004289454782115648
10650	0.004297662157418901
10660	0.004305873973736408
10670	0.00431409021461611
10680	0.00432231086358661
10690	0.0043305359041571935
10700	0.004338765319817843
10710	0.0043469990940392614
10720	0.004355237210272886
10730	0.004363479651950913
10740	0.004371726402486306
10750	0.004379977445272818
10760	0.004388232763685013
10770	0.00439649234107828
10780	0.004404756160788852
10790	0.004413024206133818
10800	0.004421296460411155
10810	0.004429572906899732
10820	0.004437853528859329
10830	0.0044461383095306655
10840	0.004454427232135404
10850	0.004462720279876183
10860	0.004471017435936612
10870	0.004479318683481322
10880	0.0044876240056559435
10890	0.004495933385587159
10900	0.004504246806382698
10910	0.004512564251131372
10920	0.00452088570290307
10930	0.004529211144748791
10940	0.004537540559700667
10950	0.004545873930771961
10960	0.004554211240957099
10970	0.004562552473231683
10980	0.004570897610552508
10990	0.0045792466358575805
11000	0.0045875995320661285
11010	0.004595956282078636
11020	0.004604316868776835
11030	0.004612681275023743
11040	0.004621049483663679
11050	0.004629421477522258
11060	0.004637797239406442
11070	0.004646176752104527
11080	0.004654559998386179
11090	0.004662946961002442
11100	0.0046713376226857565
11110	0.004679731966149975
11120	0.004688129974090384
11130	0.004696531629183712
11140	0.0047049369140881574
11150	0.004713345811443392
11160	0.004721758303870594
11170	0.004730174373972446
11180	0.004738594004333164
11190	0.0047470171775185095
11200	0.004755443876075814
11210	0.0047638740825339775
11220	0.004772307779403506
11230	0.0047807449491765125
11240	0.00478918557432674
11250	0.004797629637309577
11260	0.004806077120562077
11270	0.004814528006502964
11280	0.0048229822775326635
11290	0.004831439916033307
11300	0.004839900904368753
11310	0.004848365224884605
11320	0.004856832859908225
11330	0.004865303791748748
11340	0.0048737780026971034
11350	0.004882255475026026
11360	0.004890736190990071
11370	0.004899220132825639
11380	0.004907707282750983
11390	0.004916197622966224
11400	0.0049246911356533776
11410	0.004933187802976358
11420	0.004941687607080995
11430	0.004950190530095059
11440	0.004958696554128271
11450	0.004967205661272314
11460	0.004975717833600857
11470	0.004984233053169566
11480	0.004992751302016118
11490	0.005001272562160223
11500	0.005009796815603639
11510	0.005018324044330171
11520	0.005026854230305719
11530	0.0050353873554782585
11540	0.005043923401777882
11550	0.005052462351116802
11560	0.005061004185389369
11570	0.0050695488864720886
11580	0.005078096436223632
11590	0.005086646816484862
11600	0.005095200009078833
11610	0.0051037559958108224
11620	0.005112314758468331
11630	0.005120876278821113
11640	0.0051294405386211805
11650	0.005138007519602822
11660	0.005146577203482616
11670	0.00515514957195945
11680	0.005163724606714536
11690	0.00517230228941142
11700	0.005180882601696002
11710	0.005189465525196547
11720	0.005198051041523705
11730	0.005206639132270527
11740	0.005215229779012467
11750	0.005223822963307418
11760	0.0052324186666957056
11770	0.005241016870700121
11780	0.005249617556825922
11790	0.0052582207065608585
11800	0.00526682630137518
11810	0.005275434322721652
11820	0.005284044752035574
11830	0.005292657570734794
11840	0.005301272760219714
11850	0.0053098903018733235
11860	0.005318510177061193
11870	0.0053271323671315015
11880	0.005335756853415048
11890	0.005344383617225275
11900	0.005353012639858262
11910	0.005361643902592755
11920	0.0053702773866901865
11930	0.005378913073394673
11940	0.005387550943933045
11950	0.005396190979514854
11960	0.005404833161332388
11970	0.005413477470560684
11980	0.005422123888357543
11990	0.005430772395863555
12000	0.005439422974202096
12010	0.00544807560447935
12020	0.0054567302677843346
12030	0.005465386945188891
12040	0.005474045617747722
12050	0.005482706266498393
12060	0.005491368872461346
12070	0.005500033416639921
12080	0.00550869988002037
12090	0.005517368243571863
12100	0.005526038488246503
12110	0.0055347105949793505
12120	0.005543384544688431
12130	0.005552060318274747
12140	0.005560737896622293
12150	0.00556941726059807
12160	0.005578098391052106
12170	0.005586781268817457
12180	0.005595465874710232
12190	0.0056041521895296
12200	0.005612840194057813
12210	0.005621529869060206
12220	0.005630221195285226
12230	0.005638914153464431
12240	0.005647608724312517
12250	0.005656304888527326
12260	0.005665002626789852
12270	0.005673701919764278
12280	0.0056824027480979564
12290	0.005691105092421455
12300	0.005699808933348547
12310	0.005708514251476239
12320	0.0057172210273847765
12330	0.005725929241637663
12340	0.005734638874781671
12350	0.005743349907346856
12360	0.005752062319846565
12370	0.005760776092777462
12380	0.005769491206619531
12390	0.0057782076418360934
12400	0.005786925378873819
12410	0.005795644398162742
12420	0.005804364680116276
12430	0.005813086205131225
12440	0.005821808953587795
12450	0.005830532905849606
12460	0.005839258042263714
12470	0.00584798434316062
12480	0.0058567117888542785
12490	0.005865440359642114
12500	0.005874170035805037
12510	0.005882900797607454
12520	0.00589163262529728
12530	0.005900365499105958
12540	0.005909099399248464
12550	0.0059178343059233226
12560	0.005926570199312621
12570	0.005935307059582028
12580	0.005944044866880792
12590	0.005952783601341774
12600	0.0059615232430814385
12610	0.005970263772199888
12620	0.005979005168780865
12630	0.005987747412891756
12640	0.005996490484583622
12650	0.006005234363891205
12660	0.006013979030832943
12670	0.006022724465410966
12680	0.0060314706476111354
12690	0.00604021755740304
12700	0.00604896517474001
12710	0.006057713479559139
12720	0.006066462451781282
12730	0.006075212071311085
12740	0.006083962318036982
12750	0.006092713171831219
12760	0.006101464612549866
12770	0.0061102166200328175
12780	0.0061189691741038235
12790	0.006127722254570487
12800	0.0061364758412242836
12810	0.006145229913840573
12820	0.00615398445217861
12830	0.0061627394359815655
12840	0.006171494844976523
12850	0.006180250658874506
12860	0.0061890068573704805
12870	0.006197763420143377
12880	0.006206520326856094
12890	0.006215277557155516
12900	0.006224035090672523
12910	0.006232792907022003
12920	0.00624155098580287
12930	0.006250309306598064
12940	0.00625906784897458
12950	0.006267826592483464
12960	0.006276585516659837
12970	0.006285344601022906
12980	0.006294103825075964
12990	0.0063028631683064214
13000	0.0063116226101858006
13010	0.006320382130169767
13020	0.006329141707698115
13030	0.006337901322194809
13040	0.0063466609530679775
13050	0.006355420579709925
13060	0.0063641801814971555
13070	0.006372939737790377
13080	0.006381699227934513
13090	0.006390458631258719
13100	0.006399217927076385
13110	0.006407977094685165
13120	0.006416736113366964
13130	0.0064254949623879795
13140	0.0064342536209986935
13150	0.006443012068433882
13160	0.006451770283912642
13170	0.006460528246638394
13180	0.006469285935798897
13190	0.006478043330566254
13200	0.00648680041009693
13210	0.00649555715353177
13220	0.006504313539995999
13230	0.0065130695485992336
13240	0.006521825158435503
13250	0.006530580348583259
13260	0.00653933509810538
13270	0.006548089386049191
13280	0.006556843191446473
13290	0.006565596493313471
13300	0.00657434927065091
13310	0.006583101502444008
13320	0.006591853167662481
13330	0.006600604245260558
13340	0.0066093547141769975
13350	0.006618104553335093
13360	0.006626853741642685
13370	0.0066356022579921745
13380	0.00664435008126054
13390	0.006653097190309333
13400	0.006661843563984705
13410	0.006670589181117417
13420	0.0066793340205228355
13430	0.0066880780610009734
13440	0.006696821281336474
13450	0.0067055636602986295
13460	0.006714305176641405
13470	0.0067230458091034305
13480	0.006731785536408033
13490	0.006740524337263228
13500	0.006749262190361744
13510	0.006757999074381026
13520	0.006766734967983257
13530	0.00677546984981536
13540	0.00678420369850901
13550	0.006792936492680649
13560	0.006801668210931495
13570	0.006810398831847555
13580	0.006819128333999639
13590	0.006827856695943357
13600	0.006836583896219151
13610	0.0068453099133522904
13620	0.006854034725852888
13630	0.006862758312215916
13640	0.00687148065092121
13650	0.006880201720433481
13660	0.006888921499202331
13670	0.006897639965662257
13680	0.006906357098232672
13690	0.0069150728753179114
13700	0.006923787275307236
13710	0.0069325002765748545
13720	0.006941211857479933
13730	0.0069499219963665955
13740	0.006958630671563951
13750	0.0069673378613860915
13760	0.0069760435441320965
13770	0.00698474769808608
13780	0.006993450301517157
13790	0.007002151332679472
13800	0.0070108507698122295
13810	0.007019548591139662
13820	0.007028244774871083
13830	0.007036939299200879
13840	0.007045632142308515
13850	0.007054323282358558
13860	0.007063012697500669
13870	0.007071700365869645
13880	0.007080386265585405
13890	0.007089070374752997
13900	0.007097752671462628
13910	0.007106433133789664
13920	0.0071151117397946426
13930	0.007123788467523278
13940	0.007132463295006482
13950	0.007141136200260369
13960	0.00714980716128626
13970	0.007158476156070716
13980	0.007167143162585514
13990	0.007175808158787683
14000	0.0071844711226195165
14010	0.00719313203200856
14020	0.007201790864867649
14030	0.007210447599094899
14040	0.007219102212573725
14050	0.007227754683172847
14060	0.007236404988746314
14070	0.007245053107133491
14080	0.007253699016159092
14090	0.007262342693633176
14100	0.00727098411735117
14110	0.0072796232650938625
14120	0.0072882601146274295
14130	0.007296894643703435
14140	0.007305526830058848
14150	0.00731415665141605
14160	0.007322784085482844
14170	0.007331409109952464
14180	0.007340031702503585
14190	0.007348651840800349
14200	0.007357269502492346
14210	0.00736588466521465
14220	0.00737449730658781
14230	0.007383107404217881
14240	0.007391714935696417
14250	0.007400319878600483
14260	0.007408922210492674
14270	0.007417521908921119
14280	0.007426118951419494
14290	0.0074347133155070275
14300	0.007443304978688511
14310	0.007451893918454325
14320	0.007460480112280419
14330	0.007469063537628348
14340	0.007477644171945266
14350	0.007486221992663953
14360	0.00749479697720281
14370	0.007503369102965873
14380	0.007511938347342818
14390	0.0075205046877089895
14400	0.007529068101425393
14410	0.0075376285658387086
14420	0.007546186058281295
14430	0.007554740556071223
14440	0.007563292036512254
14450	0.00757184047689388
14460	0.007580385854491301
14470	0.007588928146565466
14480	0.007597467330363063
14490	0.007606003383116535
14500	0.007614536282044094
14510	0.007623066004349727
14520	0.007631592527223197
14530	0.007640115827840074
14540	0.007648635883361716
14550	0.007657152670935316
14560	0.007665666167693871
14570	0.007674176350756222
14580	0.007682683197227053
14590	0.007691186684196897
14600	0.0076996867887421504
14610	0.007708183487925083
14620	0.007716676758793845
14630	0.007725166578382484
14640	0.007733652923710942
14650	0.007742135771785072
14660	0.007750615099596651
14670	0.007759090884123389
14680	0.007767563102328927
14690	0.00777603173116286
14700	0.007784496747560744
14710	0.007792958128444102
14720	0.007801415850720432
14730	0.0078098698912832205
14740	0.007818320227011958
14750	0.007826766834772132
14760	0.007835209691415252
14770	0.007843648773778848
14780	0.007852084058686487
14790	0.00786051552294779
14800	0.007868943143358415
14810	0.007877366896700098
14820	0.007885786759740634
14830	0.007894202709233914
14840	0.007902614721919908
14850	0.007911022774524702
14860	0.007919426843760475
14870	0.007927826906325536
14880	0.007936222938904322
14890	0.007944614918167413
14900	0.00795300282077152
14910	0.007961386623359526
14920	0.00796976630256048
14930	0.007978141834989598
14940	0.007986513197248284
14950	0.007994880365924141
14960	0.008003243317590971
14970	0.008011602028808787
14980	0.008019956476123826
14990	0.00802830663606856
15000	0.008036652485161689
15010	0.008044993999908176
15020	0.00805333115679923
15030	0.008061663932312346
15040	0.008069992302911269
15050	0.008078316245046053
15060	0.008086635735153037
15070	0.008094950749654864
15080	0.008103261264960492
15090	0.008111567257465207
15100	0.00811986870355061
15110	0.008128165579584661
15120	0.008136457861921659
15130	0.008144745526902262
15140	0.008153028550853498
15150	0.008161306910088772
15160	0.008169580580907871
15170	0.008177849539596977
15180	0.008186113762428681
15190	0.008194373225661983
15200	0.008202627905542305
15210	0.008210877778301491
15220	0.008219122820157836
15230	0.008227363007316083
15240	0.00823559831596742
15250	0.008243828722289515
15260	0.008252054202446497
15270	0.008260274732588994
15280	0.008268490288854118
15290	0.008276700847365476
15300	0.0082849063842332
15310	0.008293106875553931
15320	0.008301302297410837
15330	0.008309492625873636
15340	0.00831767783699857
15350	0.008325857906828453
15360	0.008334032811392651
15370	0.008342202526707114
15380	0.008350367028774362
15390	0.008358526293583505
15400	0.008366680297110253
15410	0.008374829015316925
15420	0.008382972424152453
15430	0.008391110499552393
15440	0.008399243217438936
15450	0.008407370553720907
15460	0.008415492484293793
15470	0.008423608985039726
15480	0.008431720031827518
15490	0.00843982560051265
15500	0.008447925666937292
15510	0.008456020206930294
15520	0.00846410919630723
15530	0.008472192610870365
15540	0.008480270426408691
15550	0.008488342618697924
15560	0.008496409163500524
15570	0.008504470036565683
15580	0.008512525213629357
15590	0.00852057467041426
15600	0.00852861838262987
15610	0.008536656325972452
15620	0.00854468847612506
15630	0.00855271480875753
15640	0.008560735299526508
15650	0.008568749924075459
15660	0.008576758658034665
15670	0.008584761477021235
15680	0.008592758356639118
15690	0.0086007492724791
15700	0.008608734200118838
15710	0.00861671311512284
15720	0.00862468599304249
15730	0.008632652809416046
15740	0.008640613539768652
15750	0.008648568159612367
15760	0.008656516644446128
15770	0.008664458969755807
15780	0.008672395111014183
15790	0.008680325043680971
15800	0.008688248743202818
15810	0.008696166185013326
15820	0.008704077344533042
15830	0.00871198219716948
15840	0.008719880718317127
15850	0.008727772883357443
15860	0.00873565866765888
15870	0.00874353804657688
15880	0.008751410995453898
15890	0.00875927748961939
15900	0.00876713750438984
15910	0.008774991015068753
15920	0.008782837996946681
15930	0.008790678425301207
15940	0.008798512275396977
15950	0.008806339522485693
15960	0.008814160141806124
15970	0.008821974108584122
15980	0.008829781398032619
15990	0.008837581985351641
16000	0.008845375845728316
16010	0.008853162954336882
16020	0.008860943286338694
16030	0.008868716816882227
16040	0.008876483521103096
16050	0.008884243374124063
16060	0.008891996351055023
16070	0.00889974242699304
16080	0.008907481577022338
16090	0.008915213776214315
16100	0.008922938999627563
16110	0.008930657222307844
16120	0.00893836841928813
16130	0.008946072565588591
16140	0.008953769636216613
16150	0.008961459606166806
16160	0.008969142450421007
16170	0.008976818143948288
16180	0.00898448666170497
16190	0.008992147978634617
16200	0.00899980206966807
16210	0.009007448909723423
16220	0.009015088473706055
16230	0.009022720736508623
16240	0.009030345673011083
16250	0.00903796325808069
16260	0.009045573466572
16270	0.009053176273326888
16280	0.009060771653174555
16290	0.009068359580931534
16300	0.00907594003140169
16310	0.009083512979376235
16320	0.009091078399633745
16330	0.009098636266940149
16340	0.009106186556048753
16350	0.009113729241700234
16360	0.009121264298622651
16370	0.009128791701531472
16380	0.00913631142512955
16390	0.009143823444107153
16400	0.009151327733141961
16410	0.009158824266899089
16420	0.00916631302003107
16430	0.009173793967177882
16440	0.009181267082966951
16450	0.009188732342013155
16460	0.009196189718918838
16470	0.009203639188273806
16480	0.00921108072465535
16490	0.009218514302628242
16500	0.00922593989674475
16510	0.009233357481544639
16520	0.009240767031555176
16530	0.009248168521291157
16540	0.009255561925254894
16550	0.009262947217936222
16560	0.009270324373812528
16570	0.009277693367348728
16580	0.009285054172997305
16590	0.009292406765198304
16600	0.00929975111837932
16610	0.009307087206955536
16620	0.009314415005329726
16630	0.009321734487892235
16640	0.009329045629021024
16650	0.009336348403081646
16660	0.009343642784427269
16670	0.00935092874739869
16680	0.009358206266324328
16690	0.009365475315520238
16700	0.009372735869290105
16710	0.009379987901925287
16720	0.009387231387704786
16730	0.009394466300895273
16740	0.009401692615751077
16750	0.009408910306514225
16760	0.009416119347414428
16770	0.009423319712669076
16780	0.009430511376483276
16790	0.009437694313049845
16800	0.0094448684965493
16810	0.009452033901149895
16820	0.009459190501007613
16830	0.009466338270266172
16840	0.009473477183057038
16850	0.009480607213499423
16860	0.009487728335700309
16870	0.009494840523754438
16880	0.009501943751744332
16890	0.009509037993740284
16900	0.009516123223800393
16910	0.009523199415970534
16920	0.009530266544284401
16930	0.009537324582763495
16940	0.00954437350541713
16950	0.009551413286242448
16960	0.009558443899224422
16970	0.009565465318335865
16980	0.009572477517537441
16990	0.009579480470777665
17000	0.009586474151992899
17010	0.009593458535107399
17020	0.009600433594033272
17030	0.009607399302670528
17040	0.00961435563490705
17050	0.009621302564618617
17060	0.009628240065668927
17070	0.009635168111909582
17080	0.009642086677180091
17090	0.009648995735307902
17100	0.00965589526010838
17110	0.009662785225384846
17120	0.00966966560492856
17130	0.00967653637251873
17140	0.009683397501922528
17150	0.009690248966895096
17160	0.009697090741179545
17170	0.009703922798506967
17180	0.00971074511259645
17190	0.009717557657155068
17200	0.0097243604058779
17210	0.009731153332448039
17220	0.009737936410536588
17230	0.009744709613802676
17240	0.009751472915893459
17250	0.009758226290444129
17260	0.00976496971107793
17270	0.009771703151406151
17280	0.009778426585028139
17290	0.009785139985531306
17300	0.00979184332649113
17310	0.009798536581471182
17320	0.009805219724023106
17330	0.009811892727686643
17340	0.009818555565989626
17350	0.009825208212448006
17360	0.00983185064056584
17370	0.009838482823835298
17380	0.009845104735736692
17390	0.009851716349738459
17400	0.009858317639297167
17410	0.009864908577857556
17420	0.009871489138852487
17430	0.00987805929570301
17440	0.009884619021818329
17450	0.00989116829059582
17460	0.009897707075421052
17470	0.009904235349667768
17480	0.009910753086697918
17490	0.009917260259861636
17500	0.009923756842497286
17510	0.00993024280793143
17520	0.009936718129478862
17530	0.009943182780442596
17540	0.009949636734113879
17550	0.009956079963772216
17560	0.009962512442685343
17570	0.009968934144109263
17580	0.00997534504128823
17590	0.009981745107454774
17600	0.009988134315829695
17610	0.009994512639622085
17620	0.010000880052029312
17630	0.010007236526237043
17640	0.010013582035419251
17650	0.01001991655273821
17660	0.01002624005134452
17670	0.010032552504377094
17680	0.010038853884963173
17690	0.010045144166218333
17700	0.010051423321246498
17710	0.01005769132313994
17720	0.010063948144979268
17730	0.010070193759833477
17740	0.010076428140759909
17750	0.010082651260804296
17760	0.010088863093000743
17770	0.010095063610371746
17780	0.010101252785928183
17790	0.010107430592669352
17800	0.010113597003582941
17810	0.010119751991645066
17820	0.010125895529820253
17830	0.010132027591061455
17840	0.010138148148310058
17850	0.010144257174495892
17860	0.010150354642537236
17870	0.01015644052534081
17880	0.010162514795801799
17890	0.010168577426803854
17900	0.010174628391219102
17910	0.010180667661908142
17920	0.010186695211720052
17930	0.010192711013492416
17940	0.010198715040051303
17950	0.0102047072642113
17960	0.010210687658775485
17970	0.01021665619653547
17980	0.010222612850271373
17990	0.010228557592751871
18000	0.010234490396734143
18010	0.010240411234963932
18020	0.010246320080175515
18030	0.01025221690509174
18040	0.010258101682424005
18050	0.010263974384872282
18060	0.01026983498512511
18070	0.010275683455859615
18080	0.010281519769741511
18090	0.010287343899425094
18100	0.01029315581755327
18110	0.01029895549675755
18120	0.010304742909658054
18130	0.010310518028863519
18140	0.010316280826971308
18150	0.010322031276567417
18160	0.010327769350226473
18170	0.010333495020511755
18180	0.010339208259975186
18190	0.010344909041157346
18200	0.010350597336587476
18210	0.01035627311878349
18220	0.010361936360251966
18230	0.010367587033488173
18240	0.010373225110976067
18250	0.010378850565188285
18260	0.010384463368586184
18270	0.010390063493619801
18280	0.01039565091272791
18290	0.010401225598337989
18300	0.010406787522866239
18310	0.010412336658717596
18320	0.010417872978285727
18330	0.010423396453953055
18340	0.010428907058090738
18350	0.010434404763058692
18360	0.010439889541205595
18370	0.010445361364868892
18380	0.010450820206374802
18390	0.010456266038038325
18400	0.010461698832163246
18410	0.010467118561042136
18420	0.010472525196956364
18430	0.010477918712176118
18440	0.010483299078960371
18450	0.010488666269556936
18460	0.01049402025620243
18470	0.010499361011122308
18480	0.01050468850653085
18490	0.010510002714631194
18500	0.010515303607615299
18510	0.010520591157664
18520	0.010525865336946973
18530	0.010531126117622764
18540	0.010536373471838797
18550	0.01054160737173136
18560	0.010546827789425629
18570	0.010552034697035667
18580	0.010557228066664431
18590	0.010562407870403785
18600	0.010567574080334489
18610	0.010572726668526213
18620	0.010577865607037565
18630	0.010582990867916054
18640	0.010588102423198128
18650	0.010593200244909177
18660	0.010598284305063526
18670	0.010603354575664442
18680	0.010608411028704162
18690	0.01061345363616387
18700	0.01061848237001372
18710	0.010623497202212832
18720	0.010628498104709309
18730	0.010633485049440245
18740	0.010638458008331703
18750	0.010643416953298762
18760	0.010648361856245483
18770	0.010653292689064942
18780	0.010658209423639237
18790	0.010663112031839474
18800	0.010668000485525781
18810	0.010672874756547322
18820	0.010677734816742295
18830	0.010682580637937943
18840	0.010687412191950553
18850	0.01069222945058546
18860	0.010697032385637077
18870	0.010701820968888857
18880	0.010706595172113342
18890	0.010711354967072144
18900	0.010716100325515959
18910	0.010720831219184573
18920	0.010725547619806864
18930	0.010730249499100803
18940	0.01073493682877348
18950	0.010739609580521083
18960	0.010744267726028933
18970	0.010748911236971453
18980	0.010753540085012215
18990	0.010758154241803913
19000	0.010762753678988378
19010	0.010767338368196598
19020	0.010771908281048705
19030	0.010776463389153996
19040	0.01078100366411092
19050	0.010785529077507093
19060	0.010790039600919323
19070	0.010794535205913579
19080	0.010799015864045025
19090	0.010803481546858017
19100	0.010807932225886097
19110	0.01081236787265203
19120	0.010816788458667766
19130	0.010821193955434485
19140	0.010825584334442577
19150	0.010829959567171664
19160	0.0108343196250906
19170	0.010838664479657466
19180	0.010842994102319588
19190	0.010847308464513544
19200	0.010851607537665169
19210	0.010855891293189545
19220	0.010860159702491025
19230	0.010864412736963232
19240	0.010868650367989065
19250	0.0108728725669407
19260	0.010877079305179607
19270	0.010881270554056542
19280	0.010885446284911563
19290	0.010889606469074022
19300	0.0108937510778626
19310	0.010897880082585264
19320	0.01090199345453933
19330	0.010906091165011421
19340	0.010910173185277493
19350	0.01091423948660285
19360	0.010918290040242125
19370	0.010922324817439304
19380	0.01092634378942773
19390	0.010930346927430095
19400	0.010934334202658463
19410	0.010938305586314265
19420	0.010942261049588304
19430	0.010946200563660777
19440	0.010950124099701246
19450	0.010954031628868679
19460	0.01095792312231144
19470	0.01096179855116729
19480	0.010965657886563401
19490	0.010969501099616355
19500	0.010973328161432165
19510	0.01097713904310625
19520	0.010980933715723463
19530	0.010984712150358112
19540	0.010988474318073913
19550	0.010992220189924056
19560	0.010995949736951166
19570	0.010999662930187327
19580	0.011003359740654091
19590	0.011007040139362472
19600	0.01101070409731296
19610	0.011014351585495519
19620	0.011017982574889599
19630	0.011021597036464145
19640	0.01102519494117758
19650	0.011028776259977842
19660	0.011032340963802371
19670	0.01103588902357811
19680	0.011039420410221523
19690	0.0110429350946386
19700	0.01104643304772484
19710	0.011049914240365298
19720	0.011053378643434548
19730	0.011056826227796709
19740	0.011060256964305449
19750	0.011063670823803991
19760	0.011067067777125118
19770	0.011070447795091169
19780	0.011073810848514056
19790	0.011077156908195265
19800	0.01108048594492586
19810	0.011083797929486494
19820	0.0110870928326474
19830	0.011090370625168416
19840	0.011093631277798974
19850	0.011096874761278113
19860	0.011100101046334486
19870	0.011103310103686356
19880	0.011106501904041614
19890	0.01110967641809777
19900	0.011112833616541973
19910	0.011115973470051003
19920	0.01111909594929128
19930	0.011122201024918885
19940	0.011125288667579537
19950	0.01112835884790862
19960	0.01113141153653117
19970	0.011134446704061907
19980	0.011137464321105219
19990	0.011140464358255161
20000	0.011143446786095489
20010	0.011146411575199633
20020	0.011149358696130726
20030	0.011152288119441592
20040	0.011155199815674774
20050	0.011158093755362506
20060	0.011160969909026744
20070	0.011163828247179174
20080	0.011166668740321184
20090	0.011169491358943913
20100	0.011172296073528227
20110	0.01117508285454472
20120	0.011177851672453757
20130	0.01118060249770543
20140	0.011183335300739599
20150	0.011186050051985884
20160	0.011188746721863659
20170	0.01119142528078208
20180	0.011194085699140073
20190	0.011196727947326351
20200	0.011199351995719404
20210	0.011201957814687519
20220	0.01120454537458878
20230	0.011207114645771066
20240	0.01120966559857207
20250	0.011212198203319285
20260	0.011214712430330027
20270	0.011217208249911431
20280	0.01121968563236047
20290	0.011222144547963924
20300	0.011224584966998425
20310	0.011227006859730448
20320	0.011229410196416309
20330	0.011231794947302177
20340	0.011234161082624075
20350	0.011236508572607884
20360	0.011238837387469358
20370	0.011241147497414124
20380	0.011243438872637672
20390	0.011245711483325387
20400	0.011247965299652534
20410	0.011250200291784269
20420	0.011252416429875647
20430	0.011254613684071609
20440	0.01125679202450703
20450	0.011258951421306668
20460	0.011261091844585212
20470	0.011263213264447274
20480	0.011265315650987377
20490	0.011267398974289987
20500	0.011269463204429505
20510	0.011271508311470259
20520	0.011273534265466538
20530	0.01127554103646258
20540	0.011277528594492561
20550	0.011279496909580636
20560	0.011281445951740916
20570	0.011283375690977484
20580	0.011285286097284398
20590	0.011287177140645695
20600	0.011289048791035384
20610	0.011290901018417496
20620	0.011292733792746016
20630	0.011294547083964955
20640	0.011296340862008317
20650	0.011298115096800112
20660	0.011299869758254382
20670	0.011301604816275162
20680	0.011303320240756526
20690	0.011305016001582567
20700	0.011306692068627416
20710	0.011308348411755244
20720	0.011309985000820259
20730	0.01131160180566672
20740	0.011313198796128934
20750	0.011314775942031263
20760	0.011316333213188142
20770	0.011317870579404062
20780	0.011319388010473587
20790	0.011320885476181358
20800	0.011322362946302091
20810	0.011323820390600606
20820	0.011325257778831786
20830	0.011326675080740634
20840	0.011328072266062235
20850	0.011329449304521783
20860	0.011330806165834597
20870	0.011332142819706084
20880	0.011333459235831785
20890	0.011334755383897362
20900	0.011336031233578604
20910	0.011337286754541438
20920	0.011338521916441921
20930	0.011339736688926256
20940	0.011340931041630791
20950	0.011342104944182033
20960	0.011343258366196636
20970	0.011344391277281419
20980	0.011345503647033366
20990	0.011346595445039633
21000	0.011347666640877555
21010	0.011348717204114641
21020	0.01134974710430859
21030	0.011350756311007276
21040	0.01135174479374879
21050	0.011352712522061398
21060	0.011353659465463588
21070	0.011354585593464046
21080	0.011355490875561675
21090	0.011356375281245588
21100	0.011357238779995128
21110	0.011358081341279865
21120	0.011358902934559593
21130	0.011359703529284344
21140	0.011360483094894396
21150	0.011361241600820263
21160	0.011361979016482716
21170	0.011362695311292777
21180	0.011363390454651724
21190	0.011364064415951107
21200	0.011364717164572739
21210	0.011365348669888704
21220	0.01136595890126136
21230	0.011366547828043354
21240	0.01136711541957762
21250	0.011367661645197378
21260	0.011368186474226145
21270	0.011368689875977736
21280	0.01136917181975627
21290	0.011369632274856187
21300	0.011370071210562226
21310	0.011370488596149454
21320	0.01137088440088325
21330	0.011371258594019329
21340	0.01137161114480374
21350	0.011371942022472867
21360	0.011372251196253428
21370	0.01137253863536249
21380	0.011372804309007476
21390	0.011373048186386153
21400	0.011373270236686654
21410	0.011373470429087484
21420	0.011373648732757488
21430	0.011373805116855915
21440	0.011373939550532378
21450	0.011374052002926868
21460	0.011374142443169767
21470	0.011374210840381843
21480	0.011374257163674266
21490	0.011374281382148597
21500	0.011374283464896814
21510	0.011374263381001285
21520	0.011374221099534804
21530	0.011374156589560582
21540	0.011374069820132247
21550	0.011373960760293855
21560	0.011373829379079896
21570	0.011373675645515287
21580	0.011373499528615386
21590	0.011373300997386008
21600	0.0113730800208234
21610	0.011372836567914268
21620	0.011372570607635784
21630	0.011372282108955563
21640	0.011371971040831708
21650	0.011371637372212768
21660	0.011371281072037786
21670	0.01137090210923628
21680	0.01137050045272825
21690	0.011370076071424182
21700	0.011369628934225051
21710	0.011369159010022344
21720	0.011368666267698037
21730	0.011368150676124615
21740	0.011367612204165068
21750	0.011367050820672901
21760	0.01136646649449215
21770	0.011365859194457359
21780	0.011365228889393609
21790	0.011364575548116507
21800	0.011363899139432197
21810	0.011363199632137371
21820	0.011362476995019258
21830	0.011361731196855636
21840	0.011360962206414837
21850	0.011360169992455746
21860	0.01135935452372783
21870	0.011358515768971102
21880	0.01135765369691615
21890	0.011356768276284141
21900	0.011355859475786826
21910	0.01135492726412652
21920	0.01135397160999615
21930	0.011352992482079225
21940	0.011351989849049848
21950	0.01135096367957272
21960	0.011349913942303155
21970	0.011348840605887077
21980	0.011347743638961022
21990	0.011346623010152133
22000	0.011345478688078196
22010	0.011344310641347603
22020	0.011343118838559384
22030	0.011341903248303217
22040	0.0113406638391594
22050	0.011339400579698884
22060	0.011338113438483266
22070	0.011336802384064792
22080	0.01133546738498638
22090	0.011334108409781581
22100	0.011332725426974628
22110	0.011331318405080427
22120	0.011329887312604552
22130	0.011328432118043245
22140	0.011326952789883443
22150	0.011325449296602761
22160	0.011323921606669507
22170	0.011322369688542687
22180	0.011320793510671995
22190	0.011319193041497833
22200	0.011317568249451317
22210	0.011315919102954266
22220	0.011314245570419205
22230	0.011312547620249405
22240	0.011310825220838833
22250	0.011309078340572203
22260	0.011307306947824943
22270	0.011305511010963235
22280	0.011303690498343991
22290	0.011301845378314867
22300	0.011299975619214274
22310	0.01129808118937137
22320	0.011296162057106074
22330	0.011294218190729054
22340	0.011292249558541767
22350	0.011290256128836412
22360	0.011288237869895985
22370	0.011286194749994241
22380	0.011284126737395721
22390	0.011282033800355763
22400	0.011279915907120477
22410	0.011277773025926793
22420	0.011275605125002405
22430	0.01127341217256584
22440	0.011271194136826406
22450	0.011268950985984242
22460	0.01126668268823029
22470	0.011264389211746318
22480	0.011262070524704905
22490	0.011259726595269469
22500	0.011257357391594251
22510	0.01125496288182433
22520	0.011252543034095626
22530	0.011250097816534898
22540	0.011247627197259746
22550	0.011245131144378641
22560	0.011242609625990893
22570	0.011240062610186672
22580	0.011237490065047016
22590	0.011234891958643828
22600	0.011232268259039887
22610	0.011229618934288844
22620	0.011226943952435226
22630	0.011224243281514444
22640	0.011221516889552806
22650	0.0112187647445675
22660	0.011215986814566618
22670	0.011213183067549147
22680	0.011210353471504975
22690	0.011207497994414912
22700	0.011204616604250664
22710	0.01120170926897485
22720	0.011198775956541023
22730	0.011195816634893654
22740	0.01119283127196814
22750	0.011189819835690808
22760	0.01118678229397893
22770	0.0111837186147407
22780	0.011180628765875276
22790	0.011177512715272751
22800	0.011174370430814169
22810	0.011171201880371538
22820	0.01116800703180782
22830	0.011164785852976937
22840	0.011161538311723784
22850	0.011158264375884231
22860	0.011154964013285107
22870	0.011151637191744241
22880	0.011148283879070433
22890	0.011144904043063475
22900	0.011141497651514145
22910	0.011138064672204216
22920	0.011134605072906468
22930	0.01113111882138468
22940	0.011127605885393625
22950	0.011124066232679116
22960	0.011120499830977956
22970	0.011116906648017962
22980	0.011113286651518001
22990	0.011109639809187943
23000	0.011105966088728698
23010	0.011102265457832206
23020	0.01109853788418145
23030	0.011094783335450453
23040	0.01109100177930428
23050	0.011087193183399052
23060	0.011083357515381934
23070	0.011079494742891159
23080	0.011075604833556019
23090	0.011071687754996869
23100	0.011067743474825132
23110	0.011063771960643311
23120	0.01105977318004498
23130	0.011055747100614792
23140	0.01105169368992848
23150	0.011047612915552887
23160	0.011043504745045925
23170	0.011039369145956617
23180	0.011035206085825075
23190	0.011031015532182524
23200	0.011026797452551291
23210	0.011022551814444819
23220	0.01101827858536766
23230	0.011013977732815493
23240	0.011009649224275102
23250	0.011005293027224437
23260	0.011000909109132534
23270	0.010996497437459594
23280	0.010992057979656937
23290	0.01098759070316704
23300	0.010983095575423513
23310	0.010978572563851124
23320	0.010974021635865798
23330	0.010969442758874605
23340	0.01096483590027578
23350	0.010960201027458738
23360	0.010955538107804044
23370	0.010950847108683435
23380	0.010946127997459842
23390	0.010941380741487358
23400	0.010936605308111271
23410	0.010931801664668048
23420	0.010926969778485354
23430	0.010922109616882048
23440	0.010917221147168189
23450	0.010912304336645025
23460	0.010907359152605028
23470	0.010902385562331881
23480	0.010897383533100467
23490	0.010892353032176894
23500	0.010887294026818485
23510	0.010882206484273797
23520	0.010877090371782616
23530	0.010871945656575953
23540	0.010866772305876052
23550	0.010861570286896419
23560	0.01085633956684178
23570	0.010851080112908118
23580	0.010845791892282661
23590	0.010840474872143905
23600	0.010835129019661592
23610	0.010829754301996734
23620	0.0108243506863016
23630	0.010818918139719741
23640	0.010813456629385966
23650	0.010807966122426384
23660	0.010802446585958355
23670	0.010796897987090548
23680	0.010791320292922908
23690	0.01078571347054668
23700	0.010780077487044388
23710	0.010774412309489879
23720	0.010768717904948277
23730	0.010762994240476038
23740	0.01075724128312091
23750	0.010751458999921961
23760	0.010745647357909572
23770	0.010739806324105462
23780	0.010733935865522647
23790	0.010728035949165491
23800	0.01072210654202969
23810	0.010716147611102268
23820	0.010710159123361596
23830	0.010704141045777374
23840	0.010698093345310664
23850	0.010692015988913872
23860	0.010685908943530761
23870	0.01067977217609644
23880	0.010673605653537395
23890	0.010667409342771475
23900	0.010661183210707874
23910	0.010654927224247195
23920	0.010648641350281386
23930	0.01064232555569379
23940	0.01063597980735913
23950	0.01062960407214351
23960	0.010623198316904428
23970	0.01061676250849078
23980	0.010610296613742853
23990	0.01060380059949233
24000	0.010597274432562316
24010	0.010590718079767303
24020	0.010584131507913208
24030	0.010577514683797366
24040	0.010570867574208508
24050	0.010564190145926819
24060	0.010557482365723885
24070	0.010550744200362738
24080	0.010543975616597829
24090	0.010537176581175053
24100	0.010530347060831745
24110	0.010523487022296685
24120	0.010516596432290089
24130	0.010509675257523643
24140	0.010502723464700475
24150	0.010495741020515169
24160	0.010488727891653775
24170	0.010481684044793802
24180	0.010474609446604239
24190	0.010467504063745536
24200	0.010460367862869625
24210	0.010453200810619914
24220	0.010446002873631299
24230	0.010438774018530146
24240	0.010431514211934329
24250	0.010424223420453203
24260	0.010416901610687626
24270	0.010409548749229964
24280	0.010402164802664059
24290	0.01039474973756529
24300	0.010387303520500527
24310	0.010379826118028169
24320	0.010372317496698119
24330	0.010364777623051812
24340	0.010357206463622197
24350	0.010349603984933767
24360	0.010341970153502522
24370	0.010334304935836019
24380	0.010326608298433342
24390	0.010318880207785125
24400	0.010311120630373538
24410	0.010303329532672312
24420	0.01029550688114671
24430	0.010287652642253581
24440	0.0102797667824413
24450	0.010271849268149833
24460	0.01026390006581069
24470	0.010255919141846962
24480	0.010247906462673317
24490	0.010239861994695995
24500	0.010231785704312803
24510	0.010223677557913154
24520	0.010215537521878032
24530	0.010207365562580024
24540	0.010199161646383292
24550	0.010190925739643614
24560	0.010182657808708355
24570	0.01017435781991649
24580	0.01016602573959861
24590	0.010157661534076896
24600	0.010149265169665158
24610	0.01014083661266882
24620	0.010132375829384931
24630	0.01012388278610216
24640	0.0101153574491008
24650	0.010106799784652783
24660	0.010098209759021669
24670	0.010089587338462665
24680	0.010080932489222611
24690	0.010072245177539994
24700	0.010063525369644945
24710	0.010054773031759263
24720	0.01004598813009638
24730	0.010037170630861401
24740	0.010028320500251082
24750	0.010019437704453857
24760	0.010010522209649823
24770	0.010001573982010733
24780	0.009992592987700048
24790	0.00998357919287288
24800	0.009974532563676027
24810	0.009965453066247985
24820	0.009956340666718935
24830	0.00994719533121073
24840	0.009938017025836944
24850	0.009928805716702842
24860	0.009919561369905374
24870	0.009910283951533226
24880	0.00990097342766677
24890	0.009891629764378093
24900	0.009882252927731002
24910	0.009872842883781029
24920	0.00986339959857541
24930	0.009853923038153118
24940	0.009844413168544857
24950	0.00983486995577306
24960	0.009825293365851886
24970	0.009815683364787244
24980	0.009806039918576785
24990	0.009796362993209897
25000	0.009786652554667727
25010	0.009776908568923166
25020	0.009767131001940857
25030	0.009757319819677205
25040	0.009747474988080389
25050	0.009737596473090335
25060	0.009727684240638745
25070	0.009717738256649086
25080	0.009707758487036613
25090	0.009697744897708346
25100	0.009687697454563094
25110	0.009677616123491453
25120	0.009667500870375795
25130	0.009657351661090297
25140	0.009647168461500922
25150	0.009636951237465429
25160	0.009626699954833385
25170	0.009616414579446156
25180	0.009606095077136924
25190	0.009595741413730664
25200	0.009585353555044182
25210	0.009574931466886094
25220	0.009564475115056845
25230	0.00955398446534869
25240	0.009543459483545718
25250	0.00953290013542385
25260	0.00952230638675083
25270	0.009511678203286258
25280	0.009501015550781559
25290	0.009490318394980005
25300	0.009479586701616714
25310	0.009468820436418657
25320	0.009458019565104652
25330	0.009447184053385379
25340	0.009436313866963362
25350	0.009425408971533013
25360	0.009414469332780598
25370	0.009403494916384245
25380	0.009392485688013957
25390	0.00938144161333161
25400	0.009370362657990978
25410	0.009359248787637693
25420	0.009348099967909286
25430	0.009336916164435162
25440	0.00932569734283663
25450	0.009314443468726893
25460	0.009303154507711044
25470	0.009291830425386083
25480	0.009280471187340919
25490	0.00926907675915635
25500	0.009257647106405096
25510	0.009246182194651804
25520	0.00923468198945301
25530	0.009223146456357193
25540	0.009211575560904735
25550	0.009199969268627966
25560	0.00918832754505113
25570	0.009176650355690411
25580	0.009164937666053925
25590	0.009153189441641722
25600	0.009141405647945806
25610	0.009129586250450123
25620	0.009117731214630553
25630	0.00910584050595495
25640	0.009093914089883106
25650	0.009081951931866776
25660	0.009069953997349677
25670	0.009057920251767486
25680	0.00904585066054785
25690	0.009033745189110392
25700	0.009021603802866696
25710	0.009009426467220335
25720	0.008997213147566853
25730	0.008984963809293778
25740	0.008972678417780626
25750	0.008960356938398903
25760	0.008947999336512101
25770	0.00893560557747572
25780	0.008923175626637237
25790	0.008910709449336158
25800	0.008898207010903974
25810	0.00888566827666418
25820	0.008873093211932297
25830	0.008860481782015858
25840	0.0088478339522144
25850	0.008835149687819491
25860	0.008822428954114716
25870	0.0088096717163757
25880	0.008796877939870065
25890	0.008784047589857511
25900	0.008771180631589735
25910	0.00875827703031049
25920	0.008745336751255568
25930	0.008732359759652808
25940	0.008719346020722081
25950	0.008706295499675335
25960	0.008693208161716549
25970	0.008680083972041779
25980	0.008666922895839122
25990	0.008653724898288747
26000	0.008640489944562887
26010	0.008627217999825852
26020	0.00861390902923401
26030	0.00860056299793581
26040	0.00858717987107179
26050	0.00857375961377455
26060	0.008560302191168793
26070	0.0085468075683713
26080	0.008533275710490935
26090	0.008519706582628673
26100	0.00850610014987758
26110	0.008492456377322806
26120	0.008478775230041619
26130	0.008465056673103396
26140	0.008451300671569606
26150	0.008437507190493843
26160	0.008423676194921811
26170	0.008409807649891339
26180	0.008395901520432365
26190	0.008381957771566953
26200	0.008367976368309308
26210	0.00835395727566573
26220	0.0083399004586347
26230	0.008325805882206796
26240	0.008311673511364751
26250	0.00829750331108344
26260	0.008283295246329876
26270	0.008269049282063227
26280	0.008254765383234802
26290	0.008240443514788077
26300	0.00822608364165867
26310	0.008211685728774369
26320	0.008197249741055127
26330	0.008182775643413045
26340	0.008168263400752416
26350	0.008153712977969688
26360	0.00813912433995349
26370	0.008124497451584622
26380	0.008109832277736085
26390	0.008095128783273032
26400	0.008080386933052823
26410	0.008065606691925003
26420	0.008050788024731307
26430	0.008035930896305677
26440	0.00802103527147423
26450	0.008006101115055312
26460	0.007991128391859446
26470	0.007976117066689381
26480	0.007961067104340068
26490	0.007945978469598672
26500	0.00793085112724458
26510	0.007915685042049389
26520	0.007900480178776911
26530	0.007885236502183212
26540	0.007869953977016557
26550	0.007854632568017446
26560	0.007839272239918628
26570	0.007823872957445065
26580	0.007808434685313984
26590	0.007792957388234838
26600	0.007777441030909325
26610	0.007761885578031397
26620	0.007746290994287255
26630	0.007730657244355352
26640	0.0077149842929064
26650	0.007699272104603376
26660	0.0076835206441015075
26670	0.0076677298760482945
26680	0.007651899765083499
26690	0.007636030275839177
26700	0.007620121372939621
26710	0.007604173021001444
26720	0.0075881851846334985
26730	0.007572157828436943
26740	0.00755609091700522
26750	0.007539984414924055
26760	0.007523838286771469
26770	0.007507652497117774
26780	0.007491427010525582
26790	0.007475161791549802
26800	0.007458856804737657
26810	0.007442512014628658
26820	0.007426127385754641
26830	0.007409702882639736
26840	0.007393238469800414
26850	0.007376734111745442
26860	0.007360189772975907
26870	0.007343605417985233
26880	0.007326981011259162
26890	0.007310316517275759
26900	0.007293611900505434
26910	0.007276867125410921
26920	0.007260082156447297
26930	0.007243256958061977
26940	0.007226391494694713
26950	0.007209485730777625
26960	0.007192539630735151
26970	0.0071755531589841005
26980	0.007158526279933633
26990	0.007141458957985267
27000	0.007124351157532874
27010	0.007107202842962704
27020	0.007090013978653347
27030	0.007072784528975792
27040	0.007055514458293378
27050	0.007038203730961825
27060	0.007020852311329226
27070	0.0070034601637360685
27080	0.006986027252515202
27090	0.006968553541991874
27100	0.006951038996483718
27110	0.0069334835803007595
27120	0.006915887257745417
27130	0.006898249993112511
27140	0.006880571750689248
27150	0.0068628524947552455
27160	0.006845092189582532
27170	0.006827290799435536
27180	0.006809448288571097
27190	0.006791564621238469
27200	0.006773639761679323
27210	0.00675567367412775
27220	0.006737666322810264
27230	0.0067196176719458035
27240	0.0067015276857457316
27250	0.006683396328413837
27260	0.0066652235641463595
27270	0.006647009357131944
27280	0.006628753671551711
27290	0.006610456471579195
27300	0.006592117721380389
27310	0.00657373738511372
27320	0.006555315426930081
27330	0.006536851810972799
27340	0.006518346501377675
27350	0.00649979946227296
27360	0.006481210657779355
27370	0.00646258005201004
27380	0.006443907609070657
27390	0.006425193293059309
27400	0.006406437068066586
27410	0.006387638898175537
27420	0.006368798747461696
27430	0.006349916579993083
27440	0.006330992359830179
27450	0.00631202605102598
27460	0.00629301761762595
27470	0.0062739670236680485
27480	0.006254874233182725
27490	0.006235739210192942
27500	0.00621656191871414
27510	0.006197342322754266
27520	0.0061780803863137855
27530	0.006158776073385662
27540	0.0061394293479553625
27550	0.00612004017400088
27560	0.0061006085154927045
27570	0.0060811343363938695
27580	0.0060616176006599055
27590	0.006042058272238892
27600	0.0060224563150714
27610	0.006002811693090557
27620	0.005983124370222024
27630	0.005963394310383973
27640	0.005943621477487137
27650	0.005923805835434768
27660	0.005903947348122687
27670	0.00588404597943923
27680	0.0058641016932653115
27690	0.0058441144534743614
27700	0.005824084223932404
27710	0.005804010968497979
27720	0.005783894651022219
27730	0.005763735235348787
27740	0.005743532685313944
27750	0.005723286964746487
27760	0.005702998037467805
27770	0.005682665867291844
27780	0.005662290418025125
27790	0.005641871653466765
27800	0.0056214095374084345
27810	0.005600904033634399
27820	0.0055803551059215245
27830	0.0055597627180392455
27840	0.005539126833749592
27850	0.0055184474168071835
27860	0.005497724430959253
27870	0.0054769578399456054
27880	0.0054561476074986735
27890	0.005435293697343476
27900	0.00541439607319765
27910	0.005393454698771424
27920	0.005372469537767669
27930	0.005351440553881842
27940	0.005330367710802038
27950	0.0053092509722089485
27960	0.005288090301775908
27970	0.005266885663168876
27980	0.005245637020046427
27990	0.005224344336059769
28000	0.005203007574852761
28010	0.005181626700061861
28020	0.005160201675316212
28030	0.00513873246423757
28040	0.005117219030440324
28050	0.0050956613375315336
28060	0.005074059349110904
28070	0.005052413028770776
28080	0.005030722340096163
28090	0.005008987246664718
28100	0.004987207712046771
28110	0.0049653836998052965
28120	0.004943515173495953
28130	0.0049216020966670465
28140	0.004899644432859571
28150	0.004877642145607172
28160	0.004855595198436195
28170	0.004833503554865641
28180	0.004811367178407203
28190	0.004789186032565259
28200	0.004766960080836862
28210	0.00474468928671176
28220	0.004722373613672389
28230	0.0047000130251938915
28240	0.0046776074847440785
28250	0.0046551569557834824
28260	0.004632661401765327
28270	0.004610120786135541
28280	0.004587535072332769
28290	0.00456490422378835
28300	0.0045422282039263365
28310	0.00451950697616351
28320	0.00449674050390934
28330	0.004473928750566044
28340	0.004451071679528548
28350	0.004428169254184495
28360	0.004405221437914274
28370	0.0043822281940909865
28380	0.00435918948608047
28390	0.004336105277241302
28400	0.00431297553092479
28410	0.004289800210474989
28420	0.004266579279228689
28430	0.0042433127005154295
28440	0.004220000437657486
28450	0.004196642453969903
28460	0.004173238712760461
28470	0.004149789177329706
28480	0.004126293810970937
28490	0.004102752576970207
28500	0.00407916543860634
28510	0.0040555323591509205
28520	0.0040318533018683066
28530	0.0040081282300156226
28540	0.003984357106842756
28550	0.003960539895592397
28560	0.003936676559499974
28570	0.003912767061793736
28580	0.0038888113656946823
28590	0.0038648094344166106
28600	0.0038407612311661173
28610	0.0038166667191425773
28620	0.0037925258615381526
28630	0.0037683386215378095
28640	0.003744104962319316
28650	0.0037198248470532227
28660	0.003695498238902907
28670	0.0036711251010245437
28680	0.0036467053965670996
28690	0.0036222390886723682
28700	0.0035977261404749553
28710	0.003573166515102281
28720	0.0035485601756745783
28730	0.0035239070853049096
28740	0.0034992072070991398
28750	0.003474460504155992
28760	0.003449666939566987
28770	0.003424826476416494
28780	0.0033999390777817145
28790	0.003375004706732668
28800	0.003350023326332235
28810	0.0033249948996361264
28820	0.0032999193896928796
28830	0.003274796759543919
28840	0.0032496269722234704
28850	0.003224409990758646
28860	0.003199145778169388
28870	0.0031738342974684964
28880	0.0031484755116616475
28890	0.0031230693837473577
28900	0.003097615876717014
28910	0.003072114953554868
28920	0.0030465665772380418
28930	0.0030209707107365187
28940	0.0029953273170131626
28950	0.0029696363590237113
28960	0.002943897799716786
28970	0.002918111602033877
28980	0.0028922777289093556
28990	0.0028663961432704842
29000	0.002840466808037423
29010	0.0028144896861232085
29020	0.0027884647404337604
29030	0.002762391933867917
29040	0.0027362712293174042
29050	0.002710102589666834
29060	0.0026838859777937396
29070	0.002657621356568543
29080	0.0026313086888545972
29090	0.0026049479375081326
29100	0.0025785390653783073
29110	0.0025520820353072036
29120	0.002525576810129807
29130	0.0024990233526740223
29140	0.002472421625760685
29150	0.0024457715922035408
29160	0.0024190732148092788
29170	0.002392326456377509
29180	0.0023655312797007592
29190	0.0023386876475645084
29200	0.002311795522747179
29210	0.002284854868020098
29220	0.0022578656461475807
29230	0.0022308278198868354
29240	0.002203741351988067
29250	0.0021766062051943773
29260	0.0021494223422418588
29270	0.002122189725859546
29280	0.0020949083187694114
29290	0.002067578083686405
29300	0.0020401989833184406
29310	0.002012770980366371
29320	0.001985294037524033
29330	0.0019577681174782324
29340	0.0019301931829087352
29350	0.0019025691964882777
29360	0.0018748961208825818
29370	0.0018471739187503472
29380	0.001819402552743236
29390	0.0017915819855059112
29400	0.0017637121796760039
29410	0.0017357930978841398
29420	0.001707824702753946
29430	0.001679806956902014
29440	0.00165173982293795
29450	0.0016236232634643556
29460	0.0015954572410768174
29470	0.001567241718363927
29480	0.0015389766579072953
29490	0.001510662022281512
29500	0.0014822977740541993
29510	0.001453883875785985
29520	0.001425420290030496
29530	0.0013969069793343801
29540	0.0013683439062373095
29550	0.0013397310332719753
29560	0.001311068322964082
29570	0.001282355737832373
29580	0.0012535932403886045
29590	0.0012247807931375647
29600	0.001195918358577075
29610	0.0011670058991979963
29620	0.0011380433774842301
29630	0.0011090307559126888
29640	0.0010799679969533608
29650	0.0010508550630692612
29660	0.0010216919167164488
29670	0.0009924785203440224
29680	0.000963214836394159
29690	0.0009339008273020707
29700	0.0009045364554960196
29710	0.0008751216833973357
29720	0.0008456564734204008
29730	0.0008161407879726658
29740	0.0007865745894546429
29750	0.0007569578402599133
29760	0.0007272905027751203
29770	0.0006975725393799916
29780	0.0006678039124473161
29790	0.0006379845843429543
29800	0.0006081145174258738
29810	0.0005781936740480898
29820	0.0005482220165547284
29830	0.0005181995072839695
29840	0.00048812610856710644
29850	0.0004580017827285088
29860	0.00042782649208566336
29870	0.0003976001989491039
29880	0.00036732286562252234
29890	0.0003369944544026484
29900	0.0003066149275793598
29910	0.000276184247435621
29920	0.00024570237624749246
29930	0.00021516927628415964
29940	0.00018458490980791117
29950	0.0001539492390741572
29960	0.00012326222633139645
29970	0.00009252383382129528
29980	0.00006173402377858244
29990	0.00003089275843114828
30000	0.