100	9.726978411540493e-9
110	1.2705912134376268e-8
120	1.6209123929454467e-8
130	2.0272090530722853e-8
140	2.4929313918952012e-8
150	3.021439652792219e-8
160	3.6160105664263246e-8
170	4.2798429308292416e-8
180	5.016062491855604e-8
190	5.827726247921479e-8
200	6.717826275291605e-8
210	7.689293149838854e-8
220	8.744999025964179e-8
230	9.887760421770766e-8
240	1.1120340750635458e-7
250	1.2445452632321638e-7
260	1.3865760011240908e-7
270	1.5383880105044446e-7
280	1.7002385203151704e-7
290	1.8723804331913747e-7
300	2.0550624800719633e-7
310	2.2485293641377026e-7
320	2.453021895145219e-7
330	2.66877711508736e-7
340	2.896028415993872e-7
350	3.135005650587634e-7
360	3.3859352364273727e-7
370	3.649040254095629e-7
380	3.9245405399286347e-7
390	4.2126527737309375e-7
400	4.5135905618710397e-7
410	4.827564516113558e-7
420	5.15478232850791e-7
430	5.495448842622223e-7
440	5.849766121383682e-7
450	6.21793351176222e-7
460	6.600147706512866e-7
470	6.996602803172966e-7
480	7.40749036049338e-7
490	7.832999452467527e-7
500	8.273316720108454e-7
510	8.728626421111923e-7
520	9.19911047753233e-7
530	9.684948521588463e-7
540	1.0186317939706971e-6
550	1.0703393914903414e-6
560	1.1236349467593183e-6
570	1.1785355494918038e-6
580	1.2350580808667815e-6
590	1.2932192171871152e-6
600	1.3530354334124293e-6
610	1.414523006572193e-6
620	1.477698019065022e-6
630	1.542576361849775e-6
640	1.6091737375336942e-6
650	1.6775056633624978e-6
660	1.7475874741170022e-6
670	1.8194343249206118e-6
680	1.8930611939617135e-6
690	1.9684828851347917e-6
700	2.045714030603855e-6
710	2.124769093291544e-6
720	2.205662369297115e-6
730	2.2884079902462955e-6
740	2.373019925575862e-6
750	2.459511984755616e-6
760	2.5478978194502963e-6
770	2.638190925623837e-6
780	2.730404645588236e-6
790	2.8245521699992076e-6
800	2.920646539800651e-6
810	3.0187006481198905e-6
820	3.1187272421155275e-6
830	3.220738924779661e-6
840	3.3247481566961458e-6
850	3.4307672577564796e-6
860	3.538808408834832e-6
870	3.648883653423656e-6
880	3.761004899231258e-6
890	3.875183919742637e-6
900	3.991432355744848e-6
910	4.109761716818087e-6
920	4.230183382793635e-6
930	4.352708605179751e-6
940	4.477348508556582e-6
950	4.604114091941044e-6
960	4.73301623012269e-6
970	4.864065674971437e-6
980	4.997273056718043e-6
990	5.132648885208186e-6
1000	5.270203551130956e-6
1010	5.409947327222511e-6
1020	5.551890369445661e-6
1030	5.696042718146113e-6
1040	5.842414299186006e-6
1050	5.99101492505547e-6
1060	6.141854295962787e-6
1070	6.2949420009037845e-6
1080	6.450287518711066e-6
1090	6.607900219083614e-6
1100	6.7677893635973305e-6
1110	6.92996410669703e-6
1120	7.094433496670411e-6
1130	7.2612064766044455e-6
1140	7.430291885324729e-6
1150	7.601698458318171e-6
1160	7.77543482863951e-6
1170	7.95150952780207e-6
1180	8.129930986653144e-6
1190	8.310707536234422e-6
1200	8.493847408627818e-6
1210	8.679358737787119e-6
1220	8.867249560355728e-6
1230	9.057527816470924e-6
1240	9.250201350554903e-6
1250	9.44527791209299e-6
1260	9.642765156399285e-6
1270	9.842670645370045e-6
1280	0.000010045001848225132
1290	0.000010249766142237767
1300	0.000010456970813452873
1310	0.000010666623057394316
1320	0.000010878729979761224
1330	0.00001109329859711368
1340	0.000011310335837548079
1350	0.000011529848541362242
1360	0.000011751843461710676
1370	0.000011976327265250093
1380	0.000012203306532775423
1390	0.000012432787759846576
1400	0.000012664777357406114
1410	0.000012899281652387991
1420	0.000013136306888317665
1430	0.000013375859225903627
1440	0.000013617944743620676
1450	0.000013862569438284946
1460	0.000014109739225621044
1470	0.000014359459940821275
1480	0.000014611737339097268
1490	0.000014866577096224052
1500	0.000015123984809076841
1510	0.00001538396599616053
1520	0.000015646526098132214
1530	0.000015911670478316724
1540	0.0000161794044232154
1550	0.00001644973314300825
1560	0.0000167226617720495
1570	0.00001699819536935685
1580	0.000017276338919094394
1590	0.000017557097331049394
1600	0.000017840475441103037
1610	0.000018126478011695272
1620	0.000018415109732283802
1630	0.000018706375219797433
1640	0.000019000279019083755
1650	0.000019296825603351394
1660	0.00001959601937460684
1670	0.00001989786466408596
1680	0.00002020236573268035
1690	0.0000205095267713586
1700	0.000020819351901582427
1710	0.000021131845175718052
1720	0.000021447010577442595
1730	0.000021764852022145816
1740	0.000022085373357327073
1750	0.00002240857836298785
1760	0.00002273447075201961
1770	0.000023063054170587313
1780	0.00002339433219850854
1790	0.00002372830834962838
1800	0.00002406498607219001
1810	0.000024404368749201244
1820	0.000024746459698796905
1830	0.00002509126217459732
1840	0.00002543877936606272
1850	0.000025789014398843883
1860	0.00002614197033512893
1870	0.000026497650173986407
1880	0.00002685605685170454
1890	0.000027217193242127084
1900	0.000027581062156985385
1910	0.000027947666346227103
1920	0.000028317008498341306
1930	0.000028689091240680317
1940	0.000029063917139778127
1950	0.000029441488701665478
1960	0.000029821808372181783
1970	0.000030204878537283785
1980	0.000030590701523351105
1990	0.00003097927959748864
2000	0.00003137061496782592
2010	0.000031764709783813575
2020	0.000032161566136516565
2030	0.0000325611860589048
2040	0.000032963571526140666
2050	0.000033368724455863866
2060	0.0000337766467084733
2070	0.00003418734008740637
2080	0.000034600806339415466
2090	0.0000350170471548418
2100	0.000035436064167886666
2110	0.000035857858956879974
2120	0.000036282433044546385
2130	0.00003670978789826879
2140	0.0000371399249303494
2150	0.0000375728454982683
2160	0.0000380085509049397
2170	0.00003844704239896567
2180	0.00003888832117488756
2190	0.000039332388373435254
2200	0.00003977924508177387
2210	0.00004022889233374845
2220	0.0000406813311101263
2230	0.00004113656233883714
2240	0.000041594586895211116
2250	0.000042055405602214734
2260	0.00004251901923068453
2270	0.00004298542849955887
2280	0.00004345463407610748
2290	0.00004392663657615917
2300	0.00004440143656432737
2310	0.000044879034554233825
2320	0.00004535943100873027
2330	0.00004584262634011824
2340	0.000046328620910366994
2350	0.00004681741503132944
2360	0.00004730900896495638
2370	0.000047803402923508885
2380	0.000048300597069768737
2390	0.00004880059151724733
2400	0.00004930338633039264
2410	0.00004980898152479446
2420	0.000050317377067388055
2430	0.000050828572876656034
2440	0.00005134256882282853
2450	0.00005185936472808182
2460	0.000052378960366735225
2470	0.00005290135546544648
2480	0.00005342654970340548
2490	0.000053954542712526414
2500	0.000054485334077638435
2510	0.000055018923336674806
2520	0.00005555530998086037
2530	0.00005609449345489772
2540	0.00005663647315715179
2550	0.000057181248439833024
2560	0.000057728818609179094
2570	0.000058279182925635125
2580	0.00005883234060403265
2590	0.000059388290813767044
2600	0.000059947032678973684
2610	0.000060508565278702655
2620	0.00006107288764709216
2630	0.00006163999877354064
2640	0.00006220989760287746
2650	0.00006278258303553246
2660	0.00006335805392770407
2670	0.0000639363090915263
2680	0.00006451734729523432
2690	0.00006510116726332888
2700	0.0000656877676767395
2710	0.00006627714717298654
2720	0.00006686930434634184
2730	0.00006746423774798845
2740	0.0000680619458861789
2750	0.00006866242722639253
2760	0.00006926568019149163
2770	0.00006987170316187634
2780	0.00007048049447563858
2790	0.00007109205242871468
2800	0.0000717063752750371
2810	0.000072323461226685
2820	0.00007294330845403366
2830	0.00007356591508590292
2840	0.00007419127920970448
2850	0.00007481939887158839
2860	0.00007545027207658812
2870	0.00007608389678876496
2880	0.00007672027093135134
2890	0.00007735939238689281
2900	0.00007800125899738972
2910	0.00007864586856443716
2920	0.00007929321884936451
2930	0.00007994330757337372
2940	0.00008059613241767673
2950	0.000081251691023632
2960	0.00008190998099288002
2970	0.00008257099988747798
2980	0.00008323474523003348
2990	0.00008390121450383736
3000	0.00008457040515299566
3010	0.00008524231458256067
3020	0.00008591694015866103
3030	0.00008659427920863121
3040	0.00008727432902113977
3050	0.0000879570868463171
3060	0.00008864254989588218
3070	0.00008933071534326844
3080	0.00009002158032374908
3090	0.00009071514193456112
3100	0.00009141139723502894
3110	0.00009211034324668712
3120	0.0000928119769534023
3130	0.00009351629530149424
3140	0.00009422329519985609
3150	0.00009493297352007416
3160	0.00009564532709654658
3170	0.00009636035272660145
3180	0.00009707804717061403
3190	0.00009779840715212353
3200	0.00009852142935794865
3210	0.00009924711043830293
3220	0.00009997544700690907
3230	0.0001007064356411126
3240	0.00010144007288199474
3250	0.00010217635523448504
3260	0.00010291527916747241
3270	0.00010365684111391654
3280	0.00010440103747095774
3290	0.0001051478646000267
3300	0.00010589731882695332
3310	0.00010664939644207473
3320	0.00010740409370034317
3330	0.00010816140682143264
3340	0.00010892133198984529
3350	0.0001096838653550169
3360	0.00011044900303142208
3370	0.00011121674109867844
3380	0.0001119870756016505
3390	0.0001127600025505526
3400	0.00011353551792105158
3410	0.00011431361765436869
3420	0.00011509429765738083
3430	0.00011587755380272133
3440	0.00011666338192888005
3450	0.0001174517778403029
3460	0.00011824273730749076
3470	0.00011903625606709799
3480	0.00011983232982203022
3490	0.00012063095424154163
3500	0.00012143212496133151
3510	0.00012223583758364054
3520	0.0001230420876773464
3530	0.00012385087077805874
3540	0.00012466218238821368
3550	0.00012547601797716787
3560	0.00012629237298129192
3570	0.00012711124280406322
3580	0.00012793262281615854
3590	0.00012875650835554573
3600	0.000129582894727575
3610	0.00013041177720507009
3620	0.0001312431510284184
3630	0.0001320770114056609
3640	0.00013291335351258134
3650	0.00013375217249279547
3660	0.00013459346345783902
3670	0.0001354372214872558
3680	0.00013628344162868507
3690	0.00013713211889794858
3700	0.0001379832482791367
3710	0.00013883682472469482
3720	0.00013969284315550878
3730	0.00014055129846098964
3740	0.00014141218549915848
3750	0.0001422754990967308
3760	0.00014314123404919984
3770	0.00014400938512092014
3780	0.00014487994704518998
3790	0.0001457529145243343
3800	0.00014662828222978598
3810	0.00014750604480216813
3820	0.00014838619685137447
3830	0.0001492687329566502
3840	0.0001501536476666725
3850	0.00015104093549963
3860	0.00015193059094330245
3870	0.00015282260845513938
3880	0.00015371698246233894
3890	0.00015461370736192606
3900	0.00015551277752083
3910	0.0001564141872759621
3920	0.0001573179309342923
3930	0.00015822400277292595
3940	0.00015913239703918008
3950	0.00016004310795065909
3960	0.00016095612969532994
3970	0.00016187145643159782
3980	0.00016278908228837998
3990	0.0001637090013651807
4000	0.0001646312077321647
4010	0.00016555569543023112
4020	0.00016648245847108618
4030	0.00016741149083731652
4040	0.00016834278648246106
4050	0.00016927633933108363
4060	0.00017021214327884437
4070	0.00017115019219257106
4080	0.00017209047991033046
4090	0.00017303300024149864
4100	0.00017397774696683132
4110	0.00017492471383853415
4120	0.00017587389458033207
4130	0.0001768252828875386
4140	0.00017777887242712497
4150	0.00017873465683778864
4160	0.00017969262973002161
4170	0.00018065278468617834
4180	0.00018161511526054353
4190	0.00018257961497939926
4200	0.00018354627734109205
4210	0.00018451509581609955
4220	0.00018548606384709697
4230	0.00018645917484902297
4240	0.0001874344222091455
4250	0.00018841179928712703
4260	0.0001893912994150899
4270	0.000190372915897681
4280	0.00019135664201213638
4290	0.00019234247100834528
4300	0.00019333039610891397
4310	0.00019432041050922952
4320	0.00019531250737752322
4330	0.00019630667985493327
4340	0.00019730292105556765
4350	0.00019830122406656655
4360	0.00019930158194816447
4370	0.00020030398773375214
4380	0.000201308434429938
4390	0.00020231491501660972
4400	0.00020332342244699464
4410	0.0002043339496477212
4420	0.00020534648951887893
4430	0.00020636103493407894
4440	0.0002073775787405134
4450	0.00020839611375901562
4460	0.0002094166327841191
4470	0.00021043912858411694
4480	0.00021146359390112024
4490	0.00021249002145111722
4500	0.00021351840392403089
4510	0.0002145487339837779
4520	0.00021558100426832556
4530	0.00021661520738974963
4540	0.00021765133593429204
4550	0.00021868938246241714
4560	0.0002197293395088692
4570	0.0002207711995827285
4580	0.00022181495516746764
4590	0.00022286059872100796
4600	0.00022390812267577455
4610	0.00022495751943875294
4620	0.00022600878139154322
4630	0.00022706190089041592
4640	0.00022811687026636643
4650	0.00022917368182516967
4660	0.0002302323278474347
4670	0.00023129280058865843
4680	0.00023235509227927977
4690	0.0002334191951247333
4700	0.00023448510130550255
4710	0.0002355528029771732
4720	0.00023662229227048627
4730	0.00023769356129139065
4740	0.0002387666021210959
4750	0.0002398414068161239
4760	0.00024091796740836178
4770	0.00024199627590511334
4780	0.00024307632428915068
4790	0.0002441581045187658
4800	0.0002452416085278214
4810	0.0002463268282258026
4820	0.00024741375549786716
4830	0.00024850238220489604
4840	0.00024959270018354426
4850	0.00025068470124629057
4860	0.00025177837718148746
4870	0.0002528737197534112
4880	0.00025397072070231126
4890	0.00025506937174445935
4900	0.0002561696645721989
4910	0.0002572715908539939
4920	0.0002583751422344776
4930	0.000259480310334501
4940	0.0002605870867511814
4950	0.00026169546305795016
4960	0.0002628054308046012
4970	0.00026391698151733805
4980	0.00026503010669882217
4990	0.0002661447978282195
5000	0.00026726104636124864
5010	0.00026837884373022663
5020	0.00026949818134411715
5030	0.00027061905058857553
5040	0.0002717414428259967
5050	0.00027286534939556056
5060	0.0002739907616132782
5070	0.0002751176707720378
5080	0.00027624606814165054
5090	0.00027737594496889573
5100	0.0002785072924775666
5110	0.0002796401018685148
5120	0.0002807743643196962
5130	0.00028191007098621513
5140	0.0002830472130003692
5150	0.0002841857814716936
5160	0.0002853257674870058
5170	0.0002864671621104491
5180	0.00028760995638353696
5190	0.0002887541413251966
5200	0.0002898997079318128
5210	0.0002910466471772712
5220	0.0002921949500130014
5230	0.0002933446073680203
5240	0.00029449561014897505
5250	0.0002956479492401856
5260	0.0002968016155036876
5270	0.0002979565997792745
5280	0.0002991128928845402
5290	0.0003002704856149209
5300	0.0003014293687437373
5310	0.00030258953302223613
5320	0.000303750969179632
5330	0.0003049136679231487
5340	0.00030607761993806104
5350	0.0003072428158877353
5360	0.00030840924641367066
5370	0.0003095769021355403
5380	0.0003107457736512317
5390	0.0003119158515368871
5400	0.00031308712634694444
5410	0.00031425958861417753
5420	0.0003154332288497356
5430	0.0003166080375431841
5440	0.0003177840051625438
5450	0.0003189611221543307
5460	0.00032013937894359633
5470	0.0003213187659339652
5480	0.00032249927350767643
5490	0.000323680892025621
5500	0.00032486361182738183
5510	0.00032604742323127185
5520	0.00032723231653437315
5530	0.0003284182820125754
5540	0.0003296053099206138
5550	0.00033079339049210834
5560	0.0003319825139396007
5570	0.0003331726704545933
5580	0.0003343638502075863
5590	0.00033555604334811593
5600	0.00033674924000479166
5610	0.0003379434302853341
5620	0.00033913860427661123
5630	0.00034033475204467715
5640	0.00034153186363480766
5650	0.0003427299290715383
5660	0.00034392893835870044
5670	0.0003451288814794576
5680	0.0003463297483963434
5690	0.0003475315290512962
5700	0.0003487342133656968
5710	0.0003499377912404033
5720	0.0003511422525557884
5730	0.0003523475871717739
5740	0.0003535537849278678
5750	0.0003547608356431991
5760	0.00035596872911655334
5770	0.0003571774551264084
5780	0.00035838700343096915
5790	0.0003595973637682036
5800	0.00036080852585587637
5810	0.00036202047939158514
5820	0.00036323321405279434
5830	0.00036444671949687054
5840	0.0003656609853611162
5850	0.0003668760012628051
5860	0.00036809175679921566
5870	0.00036930824154766544
5880	0.0003705254450655459
5890	0.00037174335689035495
5900	0.00037296196653973214
5910	0.0003741812635114915
5920	0.0003754012372836556
5930	0.00037662187731448896
5940	0.0003778431730425311
5950	0.0003790651138866301
5960	0.00038028768924597603
5970	0.0003815108885001333
5980	0.0003827347010090741
5990	0.00038395911611321097
6000	0.0003851841231334297
6010	0.0003864097113711219
6020	0.0003876358701082173
6030	0.0003888625886072164
6040	0.0003900898561112224
6050	0.0003913176618439737
6060	0.0003925459950098758
6070	0.0003937748447940334
6080	0.00039500420036228206
6090	0.00039623405086121983
6100	0.0003974643854182395
6110	0.0003986951931415594
6120	0.00039992646312025514
6130	0.0004011581844242911
6140	0.0004023903461045515
6150	0.00040362293719287167
6160	0.0004048559467020684
6170	0.000406089363625972
6180	0.0004073231769394564
6190	0.0004085573755984697
6200	0.0004097919485400654
6210	0.00041102688468243255
6220	0.00041226217292492627
6230	0.000413497802148098
6240	0.00041473376121372544
6250	0.00041597003896484404
6260	0.00041720662422577474
6270	0.0004184435058021562
6280	0.00041968067248097316
6290	0.00042091811303058684
6300	0.0004221558162007644
6310	0.0004233937707227085
6320	0.0004246319653090866
6330	0.0004258703886540611
6340	0.0004271090294333174
6350	0.0004283478763040942
6360	0.0004295869179052121
6370	0.0004308261428571022
6380	0.0004320655397618361
6390	0.0004333050972031536
6400	0.00043454480374649214
6410	0.00043578464793901493
6420	0.00043702461830964035
6430	0.00043826470336906926
6440	0.00043950489160981453
6450	0.0004407451715062281
6460	0.0004419855315145305
6470	0.00044322596007283764
6480	0.00044446644560119036
6490	0.0004457069765015806
6500	0.0004469475411579809
6510	0.0004481881279363709
6520	0.00044942872518476573
6530	0.0004506693212332437
6540	0.00045190990439397286
6550	0.00045315046296123997
6560	0.0004543909852114762
6570	0.00045563145940328567
6580	0.0004568718737774719
6590	0.0004581122165570652
6600	0.0004593524759473494
6610	0.0004605926401358894
6620	0.00046183269729255716
6630	0.000463072635569559
6640	0.00046431244310146257
6650	0.0004655521080052226
6660	0.00046679161838020797
6670	0.0004680309623082287
6680	0.0004692701278535606
6690	0.0004705091030629737
6700	0.00047174787596575697
6710	0.0004729864345737446
6720	0.0004742247668813428
6730	0.00047546286086555534
6740	0.0004767007044860092
6750	0.0004779382856849807
6760	0.000479175592387421
6770	0.0004804126125009821
6780	0.0004816493339160425
6790	0.0004828857445057319
6800	0.0004841218321259576
6810	0.0004853575846154295
6820	0.0004865929897956852
6830	0.0004878280354711154
6840	0.0004890627094289894
6850	0.000490296999439479
6860	0.0004915308932556849
6870	0.0004927643786136611
6880	0.0004939974432324391
6890	0.000495230074814054
6900	0.0004964622610435675
6910	0.0004976939895890945
6920	0.000498925248101826
6930	0.0005001560242160543
6940	0.0005013863055491971
6950	0.0005026160797018228
6960	0.0005038453342576738
6970	0.0005050740567836906
6980	0.000506302234830037
6990	0.0005075298559301228
7000	0.000508756907600629
7010	0.0005099833773415307
7020	0.0005112092526361223
7030	0.0005124345209510399
7040	0.0005136591697362858
7050	0.000514883186425252
7060	0.0005161065584347438
7070	0.000517329273165003
7080	0.0005185513179997325
7090	0.0005197726803061176
7100	0.0005209933474348519
7110	0.0005222133067201585
7120	0.0005234325454798139
7130	0.0005246510510151715
7140	0.0005258688106111844
7150	0.0005270858115364278
7160	0.0005283020410431235
7170	0.0005295174863671604
7180	0.0005307321347281201
7190	0.000531945973329297
7200	0.0005331589893577232
7210	0.0005343711699841893
7220	0.0005355825023632684
7230	0.0005367929736333375
7240	0.0005380025709166008
7250	0.0005392112813191113
7260	0.0005404190919307936
7270	0.0005416259898254665
7280	0.0005428319620608638
7290	0.0005440369956786581
7300	0.0005452410777044818
7310	0.0005464441951479493
7320	0.0005476463350026794
7330	0.0005488474842463162
7340	0.0005500476298405526
7350	0.0005512467587311498
7360	0.0005524448578479608
7370	0.0005536419141049518
7380	0.0005548379144002228
7390	0.0005560328456160298
7400	0.0005572266946188072
7410	0.0005584194482591869
7420	0.0005596110933720217
7430	0.0005608016167764063
7440	0.0005619910052756972
7450	0.0005631792456575356
7460	0.0005643663246938673
7470	0.0005655522291409642
7480	0.0005667369457394459
7490	0.0005679204612142991
7500	0.0005691027622749007
7510	0.000570283835615036
7520	0.0005714636679129222
7530	0.000572642245831227
7540	0.0005738195560170905
7550	0.000574995585102145
7560	0.0005761703197025368
7570	0.0005773437464189452
7580	0.0005785158518366037
7590	0.0005796866225253208
7600	0.0005808560450394995
7610	0.0005820241059181586
7620	0.0005831907916849515
7630	0.000584356088848188
7640	0.0005855199839008534
7650	0.0005866824633206284
7660	0.000587843513569911
7670	0.0005890031210958334
7680	0.0005901612723302846
7690	0.0005913179536899295
7700	0.0005924731515762273
7710	0.0005936268523754542
7720	0.0005947790424587194
7730	0.0005959297081819888
7740	0.0005970788358861008
7750	0.0005982264118967892
7760	0.0005993724225247002
7770	0.000600516854065413
7780	0.0006016596927994592
7790	0.0006028009249923421
7800	0.0006039405368945559
7810	0.0006050785147416045
7820	0.0006062148447540219
7830	0.000607349513137391
7840	0.0006084825060823611
7850	0.0006096138097646691
7860	0.000610743410345158
7870	0.0006118712939697951
7880	0.0006129974467696916
7890	0.0006141218548611213
7900	0.0006152445043455391
7910	0.0006163653813096003
7920	0.0006174844718251795
7930	0.0006186017619493883
7940	0.000619717237724595
7950	0.0006208308851784423
7960	0.0006219426903238671
7970	0.0006230526391591167
7980	0.0006241607176677705
7990	0.0006252669118187558
8000	0.0006263712075663665
8010	0.0006274735908502831
8020	0.0006285740475955886
8030	0.000629672563712789
8040	0.0006307691250978295
8050	0.000631863717632114
8060	0.0006329563271825223
8070	0.0006340469396014293
8080	0.0006351355407267215
8090	0.0006362221163818162
8100	0.0006373066523756786
8110	0.00063838913450284
8120	0.0006394695485434156
8130	0.0006405478802631226
8140	0.0006416241154132969
8150	0.0006426982397309126
8160	0.0006437702389385973
8170	0.0006448400987446515
8180	0.0006459078048430656
8190	0.0006469733429135379
8200	0.0006480366986214904
8210	0.0006490978576180882
8220	0.0006501568055402561
8230	0.000651213528010696
8240	0.0006522680106379038
8250	0.0006533202390161871
8260	0.0006543701987256822
8270	0.0006554178753323722
8280	0.0006564632543881022
8290	0.0006575063214305982
8300	0.0006585470619834834
8310	0.0006595854615562952
8320	0.0006606215056445026
8330	0.0006616551797295224
8340	0.000662686469278736
8350	0.0006637153597455083
8360	0.0006647418365692013
8370	0.0006657658851751937
8380	0.0006667874909748954
8390	0.0006678066393657662
8400	0.000668823315731331
8410	0.0006698375054411966
8420	0.0006708491938510689
8430	0.0006718583663027696
8440	0.0006728650081242513
8450	0.000673869104629615
8460	0.0006748706411191266
8470	0.0006758696028792334
8480	0.0006768659751825786
8490	0.0006778597432880204
8500	0.0006788508924406468
8510	0.0006798394078717914
8520	0.0006808252747990502
8530	0.0006818084784262979
8540	0.0006827890039437036
8550	0.0006837668365277465
8560	0.0006847419613412338
8570	0.0006857143635333138
8580	0.0006866840282394942
8590	0.0006876509405816571
8600	0.000688615085668075
8610	0.0006895764485934268
8620	0.0006905350144388129
8630	0.0006914907682717718
8640	0.0006924436951462962
8650	0.0006933937801028466
8660	0.0006943410081683695
8670	0.0006952853643563119
8680	0.0006962268336666365
8690	0.0006971654010858376
8700	0.0006981010515869572
8710	0.0006990337701295995
8720	0.0006999635416599469
8730	0.0007008903511107758
8740	0.0007018141834014705
8750	0.0007027350234380404
8760	0.0007036528561131344
8770	0.0007045676663060552
8780	0.000705479438882777
8790	0.0007063881586959579
8800	0.0007072938105849579
8810	0.000708196379375851
8820	0.0007090958498814423
8830	0.0007099922069012832
8840	0.0007108854352216852
8850	0.0007117755196157357
8860	0.0007126624448433127
8870	0.0007135461956511005
8880	0.000714426756772602
8890	0.0007153041129281581
8900	0.0007161782488249575
8910	0.0007170491491570553
8920	0.0007179167986053855
8930	0.0007187811818377773
8940	0.0007196422835089683
8950	0.0007205000882606208
8960	0.000721354580721334
8970	0.0007222057455066619
8980	0.0007230535672191253
8990	0.0007238980304482268
9000	0.0007247391197704656
9010	0.0007255768197493529
9020	0.0007264111149354245
9030	0.0007272419898662566
9040	0.0007280694290664788
9050	0.0007288934170477903
9060	0.0007297139383089734
9070	0.000730530977335906
9080	0.0007313445186015793
9090	0.0007321545465661092
9100	0.0007329610456767512
9110	0.0007337640003679155
9120	0.0007345633950611798
9130	0.0007353592141653039
9140	0.0007361514420762444
9150	0.0007369400631771679
9160	0.0007377250618384646
9170	0.0007385064224177638
9180	0.0007392841292599469
9190	0.0007400581666971605
9200	0.0007408285190488319
9210	0.0007415951706216814
9220	0.0007423581057097383
9230	0.0007431173085943514
9240	0.0007438727635442056
9250	0.0007446244548153347
9260	0.0007453723666511347
9270	0.0007461164832823779
9280	0.000746856788927226
9290	0.0007475932677912445
9300	0.0007483259040674162
9310	0.000749054681936154
9320	0.0007497795855653142
9330	0.0007505005991102124
9340	0.000751217706713633
9350	0.0007519308925058464
9360	0.0007526401406046199
9370	0.000753345435115233
9380	0.0007540467601304888
9390	0.0007547440997307281
9400	0.0007554374379838442
9410	0.0007561267589452929
9420	0.0007568120466581088
9430	0.0007574932851529175
9440	0.0007581704584479476
9450	0.0007588435505490457
9460	0.0007595125454496882
9470	0.0007601774271309946
9480	0.000760838179561742
9490	0.0007614947866983752
9500	0.0007621472324850231
9510	0.0007627955008535082
9520	0.0007634395757233635
9530	0.0007640794410018417
9540	0.0007647150805839301
9550	0.0007653464783523638
9560	0.0007659736181776364
9570	0.0007665964839180153
9580	0.0007672150594195535
9590	0.0007678293285161014
9600	0.0007684392750293211
9610	0.0007690448827686984
9620	0.0007696461355315552
9630	0.0007702430171030623
9640	0.0007708355112562536
9650	0.0007714236017520351
9660	0.0007720072723392009
9670	0.0007725865067544451
9680	0.0007731612887223725
9690	0.0007737316019555137
9700	0.0007742974301543346
9710	0.000774858757007252
9720	0.0007754155661906436
9730	0.000775967841368862
9740	0.0007765155661942453
9750	0.0007770587243071317
9760	0.00077759729933587
9770	0.0007781312748968327
9780	0.0007786606345944284
9790	0.0007791853620211127
9800	0.0007797054407574031
9810	0.000780220854371888
9820	0.0007807315864212419
9830	0.0007812376204502345
9840	0.0007817389399917459
9850	0.0007822355285667767
9860	0.0007827273696844601
9870	0.0007832144468420747
9880	0.0007836967435250565
9890	0.0007841742432070104
9900	0.0007846469293497227
9910	0.0007851147854031729
9920	0.0007855777948055448
9930	0.0007860359409832392
9940	0.0007864892073508865
9950	0.0007869375773113573
9960	0.0007873810342557744
9970	0.0007878195615635251
9980	0.0007882531426022724
9990	0.0007886817607279684
10000	0.000789105399284863
10010	0.0007895240416055185
10020	0.0007899376710108196
10030	0.0007903462708099861
10040	0.0007907498243005835
10050	0.0007911483147685359
10060	0.0007915417254881361
10070	0.0007919300397220584
10080	0.00079231324072137
10090	0.0007926913117255412
10100	0.0007930642359624594
10110	0.0007934319966484372
10120	0.0007937945769882276
10130	0.0007941519601750329
10140	0.0007945041293905166
10150	0.0007948510678048147
10160	0.0007951927585765485
10170	0.0007955291848528339
10180	0.0007958603297692938
10190	0.0007961861764500695
10200	0.0007965067080078319
10210	0.000796821907543792
10220	0.0007971317581477129
10230	0.0007974362428979206
10240	0.0007977353448613164
10250	0.0007980290470933862
10260	0.0007983173326382123
10270	0.0007986001845284859
10280	0.0007988775857855157
10290	0.000799149519419242
10300	0.0007994159684282439
10310	0.0007996769157997545
10320	0.0007999323445096692
10330	0.0008001822375225573
10340	0.0008004265777916739
10350	0.0008006653482589685
10360	0.0008008985318550992
10370	0.0008011261114994412
10380	0.0008013480701000986
10390	0.0008015643905539143
10400	0.0008017750557464829
10410	0.0008019800485521597
10420	0.0008021793518340718
10430	0.0008023729484441297
10440	0.000802560821223037
10450	0.0008027429530003019
10460	0.0008029193265942476
10470	0.0008030899248120233
10480	0.0008032547304496145
10490	0.0008034137262918538
10500	0.0008035668951124321
10510	0.0008037142196739078
10520	0.0008038556827277192
10530	0.0008039912670141924
10540	0.0008041209552625573
10550	0.0008042447301909503
10560	0.0008043625745064319
10570	0.0008044744709049929
10580	0.0008045804020715666
10590	0.0008046803506800394
10600	0.0008047742993932604
10610	0.0008048622308630522
10620	0.0008049441277302212
10630	0.0008050199726245685
10640	0.0008050897481648998
10650	0.0008051534369590352
10660	0.0008052110216038211
10670	0.0008052624846851385
10680	0.0008053078087779153
10690	0.0008053469764461352
10700	0.000805379970242848
10710	0.0008054067727101806
10720	0.0008054273663793461
10730	0.0008054417337706562
10740	0.000805449857393528
10750	0.0008054517197464972
10760	0.0008054473033172263
10770	0.0008054365905825159
10780	0.0008054195640083144
10790	0.0008053962060497274
10800	0.0008053664991510293
10810	0.0008053304257456713
10820	0.0008052879682562933
10830	0.0008052391090947323
10840	0.0008051838306620349
10850	0.0008051221153484639
10860	0.0008050539455335102
10870	0.0008049793035859034
10880	0.0008048981718636192
10890	0.0008048105327138924
10900	0.0008047163684732243
10910	0.0008046156614673942
10920	0.0008045083940114671
10930	0.0008043945484098067
10940	0.0008042741069560821
10950	0.0008041470519332798
10960	0.0008040133656137122
10970	0.0008038730302590278
10980	0.0008037260281202199
10990	0.0008035723414376395
11000	0.0008034119524410005
11010	0.0008032448433493932
11020	0.0008030709963712916
11030	0.0008028903937045635
11040	0.0008027030175364819
11050	0.0008025088500437318
11060	0.0008023078733924218
11070	0.0008021000697380924
11080	0.0008018854212257276
11090	0.0008016639099897616
11100	0.00080143551815409
11110	0.0008012002278320797
11120	0.0008009580211265773
11130	0.0008007088801299188
11140	0.0008004527869239402
11150	0.0008001897235799845
11160	0.000799919672158914
11170	0.0007996426147111174
11180	0.0007993585332765207
11190	0.0007990674098845953
11200	0.0007987692265543691
11210	0.0007984639652944336
11220	0.0007981516081029549
11230	0.0007978321369676823
11240	0.0007975055338659582
11250	0.000797171780764726
11260	0.0007968308596205418
11270	0.0007964827523795802
11280	0.0007961274409776465
11290	0.0007957649073401852
11300	0.000795395133382288
11310	0.0007950181010087043
11320	0.0007946337921138491
11330	0.0007942421885818138
11340	0.0007938432722863736
11350	0.0007934370250909987
11360	0.0007930234288488601
11370	0.000792602465402842
11380	0.0007921741165855496
11390	0.0007917383642193171
11400	0.0007912951901162181
11410	0.0007908445760780756
11420	0.0007903865038964669
11430	0.0007899209553527372
11440	0.0007894479122180062
11450	0.000788967356253177
11460	0.0007884792692089462
11470	0.0007879836328258112
11480	0.0007874804288340814
11490	0.0007869696389538839
11500	0.0007864512448951757
11510	0.0007859252283577501
11520	0.0007853915710312467
11530	0.0007848502545951605
11540	0.0007843012607188488
11550	0.0007837445710615431
11560	0.0007831801672723549
11570	0.0007826080309902865
11580	0.0007820281438442381
11590	0.0007814404874530178
11600	0.0007808450434253502
11610	0.0007802417933598846
11620	0.0007796307188452034
11630	0.000779011801459832
11640	0.0007783850227722463
11650	0.0007777503643408819
11660	0.0007771078077141421
11670	0.0007764573344304078
11680	0.0007757989260180449
11690	0.0007751325639954128
11700	0.000774458229870874
11710	0.000773775905142802
11720	0.0007730855712995901
11730	0.0007723872098196589
11740	0.0007716808021714668
11750	0.0007709663298135165
11760	0.0007702437741943649
11770	0.00076951311675263
11780	0.0007687743389170018
11790	0.0007680274221062483
11800	0.000767272347729225
11810	0.0007665090971848835
11820	0.000765737651862279
11830	0.0007649579931405801
11840	0.0007641701023890756
11850	0.0007633739609671845
11860	0.0007625695502244625
11870	0.0007617568515006117
11880	0.000760935846125488
11890	0.0007601065154191107
11900	0.0007592688406916693
11910	0.0007584228032435325
11920	0.0007575683843652569
11930	0.0007567055653375932
11940	0.0007558343274314981
11950	0.0007549546519081385
11960	0.0007540665200189028
11970	0.0007531699130054065
11980	0.0007522648120995027
11990	0.0007513511985232892
12000	0.0007504290534891162
12010	0.000749498358199595
12020	0.0007485590938476064
12030	0.0007476112416163081
12040	0.0007466547826791436
12050	0.0007456896981998491
12060	0.0007447159693324626
12070	0.0007437335772213313
12080	0.0007427425030011208
12090	0.0007417427277968214
12100	0.0007407342327237568
12110	0.0007397169988875938
12120	0.000738691007384347
12130	0.0007376562393003889
12140	0.0007366126757124588
12150	0.0007355602976876674
12160	0.0007344990862835082
12170	0.0007334290225478635
12180	0.0007323500875190126
12190	0.00073126226222564
12200	0.0007301655276868433
12210	0.0007290598649121407
12220	0.0007279452549014792
12230	0.0007268216786452421
12240	0.0007256891171242571
12250	0.0007245475513098041
12260	0.000723396962163623
12270	0.0007222373306379212
12280	0.0007210686376753815
12290	0.0007198908642091704
12300	0.0007187039911629449
12310	0.0007175079994508614
12320	0.0007163028699775819
12330	0.0007150885836382833
12340	0.0007138651213186645
12350	0.0007126324638949527
12360	0.0007113905922339136
12370	0.000710139487192858
12380	0.0007088791296196478
12390	0.0007076095003527064
12400	0.0007063305802210247
12410	0.0007050423500441689
12420	0.0007037447906322879
12430	0.0007024378827861217
12440	0.000701121607297009
12450	0.0006997959449468925
12460	0.0006984608765083299
12470	0.0006971163827444993
12480	0.0006957624444092068
12490	0.0006943990422468947
12500	0.0006930261569926484
12510	0.000691643769372205
12520	0.0006902518601019582
12530	0.0006888504098889704
12540	0.0006874393994309743
12550	0.0006860188094163848
12560	0.000684588620524305
12570	0.0006831488134245337
12580	0.0006816993687775715
12590	0.0006802402672346314
12600	0.0006787714894376415
12610	0.0006772930160192577
12620	0.0006758048276028672
12630	0.0006743069048025962
12640	0.0006727992282233202
12650	0.000671281778460667
12660	0.0006697545361010281
12670	0.0006682174817215626
12680	0.0006666705958902069
12690	0.0006651138591656815
12700	0.0006635472520974961
12710	0.000661970755225961
12720	0.0006603843490821898
12730	0.0006587880141881106
12740	0.0006571817310564704
12750	0.0006555654801908432
12760	0.0006539392420856384
12770	0.0006523029972261057
12780	0.000650656726088344
12790	0.0006490004091393087
12800	0.0006473340268368173
12810	0.000645657559629558
12820	0.000643970987957096
12830	0.0006422742922498813
12840	0.0006405674529292551
12850	0.0006388504504074573
12860	0.0006371232650876336
12870	0.0006353858773638427
12880	0.0006336382676210632
12890	0.0006318804162351995
12900	0.0006301123035730923
12910	0.0006283339099925203
12920	0.0006265452158422131
12930	0.000624746201461853
12940	0.000622936847182086
12950	0.0006211171333245266
12960	0.0006192870402017649
12970	0.0006174465481173746
12980	0.0006155956373659189
12990	0.0006137342882329578
13000	0.0006118624809950559
13010	0.0006099801959197878
13020	0.000608087413265745
13030	0.0006061841132825458
13040	0.0006042702762108378
13050	0.0006023458822823084
13060	0.0006004109117196888
13070	0.0005984653447367639
13080	0.0005965091615383762
13090	0.000594542342320435
13100	0.0005925648672699214
13110	0.0005905767165648955
13120	0.0005885778703745048
13130	0.0005865683088589901
13140	0.0005845480121696904
13150	0.0005825169604490521
13160	0.0005804751338306354
13170	0.0005784225124391196
13180	0.0005763590763903121
13190	0.0005742848057911529
13200	0.0005721996807397231
13210	0.0005701036813252496
13220	0.0005679967876281148
13230	0.0005658789797198608
13240	0.000563750237663196
13250	0.0005616105415120039
13260	0.0005594598713113469
13270	0.0005572982070974768
13280	0.0005551255288978367
13290	0.0005529418167310721
13300	0.0005507470506070349
13310	0.0005485412105267902
13320	0.0005463242764826234
13330	0.0005440962284580479
13340	0.0005418570464278087
13350	0.0005396067103578925
13360	0.0005373452002055319
13370	0.0005350724959192124
13380	0.00053278857743868
13390	0.0005304934246949458
13400	0.0005281870176102946
13410	0.0005258693360982899
13420	0.0005235403600637813
13430	0.0005212000694029108
13440	0.0005188484440031195
13450	0.0005164854637431522
13460	0.000514111108493067
13470	0.0005117253581142395
13480	0.0005093281924593707
13490	0.0005069195913724912
13500	0.0005044995346889703
13510	0.0005020680022355212
13520	0.000499624973830207
13530	0.0004971704292824472
13540	0.0004947043483930258
13550	0.0004922267109540944
13560	0.0004897374967491818
13570	0.0004872366855531996
13580	0.000484724257132446
13590	0.0004822001912446161
13600	0.0004796644676388051
13610	0.00047711706605551636
13620	0.00047455796622666727
13630	0.00047198714787559555
13640	0.00046940459071706395
13650	0.0004668102744572705
13660	0.00046420417879385056
13670	0.00046158628341588543
13680	0.0004589565680039085
13690	0.00045631501222991044
13700	0.0004536615957573458
13710	0.00045099629824114023
13720	0.00044831909932769605
13730	0.000445629978654898
13740	0.0004429289158521198
13750	0.0004402158905402308
13760	0.0004374908823316009
13770	0.00043475387083010894
13780	0.0004320048356311466
13790	0.00042924375632162555
13800	0.000426470612479984
13810	0.00042368538367619225
13820	0.00042088804947175825
13830	0.00041807858941973535
13840	0.0004152569830647273
13850	0.0004124232099428944
13860	0.0004095772495819599
13870	0.00040671908150121587
13880	0.00040384868521152966
13890	0.0004009660402153492
13900	0.00039807112600671055
13910	0.00039516392207124116
13920	0.00039224440788617
13930	0.0003893125629203298
13940	0.0003863683666341642
13950	0.00038341179847973617
13960	0.00038044283790072964
13970	0.0003774614643324604
13980	0.0003744676572018769
13990	0.0003714613959275716
14000	0.0003684426599197822
14010	0.0003654114285804003
14020	0.00036236768130297806
14030	0.0003593113974727306
14040	0.00035624255646654574
14050	0.0003531611376529879
14060	0.00035006712039230465
14070	0.00034696048403643273
14080	0.00034384120792900274
14090	0.0003407092714053472
14100	0.0003375646537925053
14110	0.00033440733440922687
14120	0.00033123729256598296
14130	0.00032805450756496644
14140	0.0003248589587001016
14150	0.0003216506252570488
14160	0.0003184294865132101
14170	0.00031519552173773466
14180	0.00031194871019152504
14190	0.00030868903112724435
14200	0.0003054164637893196
14210	0.00030213098741394955
14220	0.0002988325812291093
14230	0.00029552122445455605
14240	0.00029219689630183694
14250	0.0002888595759742908
14260	0.00028550924266705765
14270	0.00028214587556708306
14280	0.0002787694538531243
14290	0.0002753799566957549
14300	0.0002719773632573708
14310	0.00026856165269219847
14320	0.0002651328041462964
14330	0.0002616907967575635
14340	0.0002582356096557461
14350	0.0002547672219624392
14360	0.00025128561279109675
14370	0.0002477907612470347
14380	0.0002442826464274374
14390	0.00024076124742136352
14400	0.00023722654330975005
14410	0.00023367851316542107
14420	0.00023011713605309095
14430	0.00022654239102937065
14440	0.00022295425714277241
14450	0.0002193527134337176
14460	0.00021573773893454075
14470	0.00021210931266949426
14480	0.0002084674136547566
14490	0.0002048120208984358
14500	0.00020114311340057475
14510	0.00019746067015315947
14520	0.00019376467014012183
14530	0.00019005509233734552
14540	0.00018633191571267323
14550	0.00018259511922591025
14560	0.00017884468182883213
14570	0.00017508058246518796
14580	0.00017130280007070678
14590	0.00016751131357310418
14600	0.00016370610189208546
14610	0.00015988714393935322
14620	0.0001560544186186125
14630	0.00015220790482557467
14640	0.0001483475814479657
14650	0.00014447342736552843
14660	0.0001405854214500299
14670	0.00013668354256526753
14680	0.00013276776956707171
14690	0.00012883808130331533
14700	0.000124894456613915
14710	0.0001209368743308385
14720	0.00011696531327811072
14730	0.00011297975227181897
14740	0.00010898017012011586
14750	0.0001049665456232276
14760	0.00010093885757346011
14770	0.00009689708475519919
14780	0.00009284120594492226
14790	0.00008877119991120023
14800	0.00008468704541470178
14810	0.00008058872120820253
14820	0.00007647620603658641
14830	0.00007234947863685501
14840	0.00006820851773812735
14850	0.00006405330206165232
14860	0.00005988381032080748
14870	0.00005570002122110789
14880	0.00005150191346021077
14890	0.000047289465727920775
14900	0.0000430626567061936
14910	0.0000388214650691453
14920	0.00003456586948305223
14930	0.000030295848606360983
14940	0.000026011381089690836
14950	0.00002171244557584004
14960	0.000017399020699791847
14970	0.000013071085088717003
14980	8.728617361981866e-6
14990	4.371596131152953e-6
15000	0.