100	2.76814045219343e-9
110	3.624417232304323e-9
120	4.634021790973826e-9
130	5.807846786975309e-9
140	7.156541191390267e-9
150	8.690529088954323e-9
160	1.0420025782891733e-8
170	1.2355051745043593e-8
180	1.4505444816949145e-8
190	1.6880870971655008e-8
200	1.9490833876907338e-8
210	2.2344683449531933e-8
220	2.5451623552720673e-8
230	2.882071895895686e-8
240	3.2460901678936354e-8
250	3.638097673934411e-8
260	4.0589627478503965e-8
270	4.509542041785367e-8
280	4.9906809758263914e-8
290	5.503214154294464e-8
300	6.04796575227092e-8
310	6.625749875442457e-8
320	7.237370895936026e-8
330	7.883623766469636e-8
340	8.565294314853981e-8
350	9.283159520632954e-8
360	1.003798777544039e-7
370	1.0830539128469935e-7
380	1.1661565518299707e-7
390	1.253181099217882e-7
400	1.3442011913766452e-7
410	1.4392897160212247e-7
420	1.5385188309377975e-7
430	1.6419599817922303e-7
440	1.7496839190901675e-7
450	1.8617607143479488e-7
460	1.978259775528197e-7
470	2.0992498617891215e-7
480	2.2247990975923182e-7
490	2.3549749862100283e-7
500	2.489844422669407e-7
510	2.629473706168292e-7
520	2.7739285519941845e-7
530	2.9232741029756876e-7
540	3.0775749404933746e-7
550	3.2368950950750485e-7
560	3.401298056598475e-7
570	3.570846784123014e-7
580	3.7456037153700455e-7
590	3.925630775870655e-7
600	4.110989387797832e-7
610	4.301740478499176e-7
620	4.497944488745159e-7
630	4.699661380706859e-7
640	4.906950645676317e-7
650	5.119871311541765e-7
660	5.338481950029179e-7
670	5.56284068372101e-7
680	5.793005192862163e-7
690	6.029032721962793e-7
700	6.270980086206861e-7
710	6.518903677674911e-7
720	6.772859471389027e-7
730	7.032903031187471e-7
740	7.299089515436133e-7
750	7.571473682583458e-7
760	7.850109896565242e-7
770	8.135052132065264e-7
780	8.426353979637472e-7
790	8.724068650695096e-7
800	9.028248982371832e-7
810	9.338947442259939e-7
820	9.656216133029874e-7
830	9.98010679693583e-7
840	1.0310670820211396e-6
850	1.0647959237359269e-6
860	1.0992022735338822e-6
870	1.1342911657655138e-6
880	1.1700676008352937e-6
890	1.2065365455918665e-6
900	1.2437029337093914e-6
910	1.2815716660603126e-6
920	1.3201476110798459e-6
930	1.3594356051224504e-6
940	1.3994404528105594e-6
950	1.4401669273757965e-6
960	1.4816197709929455e-6
970	1.5238036951068808e-6
980	1.5667233807526875e-6
990	1.6103834788691806e-6
1000	1.654788610606028e-6
1010	1.699943367624664e-6
1020	1.7458523123931873e-6
1030	1.7925199784754204e-6
1040	1.8399508708142926e-6
1050	1.8881494660097327e-6
1060	1.937120212591206e-6
1070	1.986867531285065e-6
1080	2.0373958152768565e-6
1090	2.0887094304687215e-6
1100	2.1408127157320317e-6
1110	2.193709983155385e-6
1120	2.2474055182881023e-6
1130	2.301903580379322e-6
1140	2.3572084026128383e-6
1150	2.413324192337775e-6
1160	2.4702551312952116e-6
1170	2.5280053758408753e-6
1180	2.586579057163984e-6
1190	2.6459802815023567e-6
1200	2.706213130353867e-6
1210	2.767281660684358e-6
1220	2.829189905132076e-6
1230	2.891941872208735e-6
1240	2.955541546497281e-6
1250	3.019992888846441e-6
1260	3.0852998365621344e-6
1270	3.1514663035958217e-6
1280	3.218496180729865e-6
1290	3.2863933357599644e-6
1300	3.3551616136747465e-6
1310	3.424804836832573e-6
1320	3.495326805135622e-6
1330	3.5667312962013098e-6
1340	3.6390220655311313e-6
1350	3.7122028466769375e-6
1360	3.78627735140475e-6
1370	3.861249269856143e-6
1380	3.937122270707245e-6
1390	4.013900001325428e-6
1400	4.091586087923729e-6
1410	4.170184135713033e-6
1420	4.2496977290521e-6
1430	4.3301304315954474e-6
1440	4.411485786439171e-6
1450	4.493767316264699e-6
1460	4.5769785234805824e-6
1470	4.66112289036229e-6
1480	4.746203879190126e-6
1490	4.832224932385243e-6
1500	4.919189472643839e-6
1510	5.007100903069537e-6
1520	5.095962607304003e-6
1530	5.1857779496558414e-6
1540	5.2765502752277855e-6
1550	5.368282910042229e-6
1560	5.460979161165126e-6
1570	5.5546423168282965e-6
1580	5.649275646550162e-6
1590	5.744882401254931e-6
1600	5.841465813390299e-6
1610	5.939029097043645e-6
1620	6.037575448056795e-6
1630	6.137108044139342e-6
1640	6.237630044980582e-6
1650	6.339144592360067e-6
1660	6.4416548102568135e-6
1670	6.545163804957187e-6
1680	6.64967466516148e-6
1690	6.755190462089235e-6
1700	6.86171424958328e-6
1710	6.969249064212563e-6
1720	7.077797925373762e-6
1730	7.187363835391712e-6
1740	7.297949779618648e-6
1750	7.409558726532335e-6
1760	7.5221936278330396e-6
1770	7.635857418539393e-6
1780	7.750553017083187e-6
1790	7.866283325403092e-6
1800	7.983051229037293e-6
1810	8.100859597215145e-6
1820	8.219711282947746e-6
1830	8.339609123117577e-6
1840	8.460555938567087e-6
1850	8.582554534186369e-6
1860	8.705607698999848e-6
1870	8.829718206252056e-6
1880	8.954888813492447e-6
1890	9.081122262659352e-6
1900	9.20842128016301e-6
1910	9.336788576967726e-6
1920	9.466226848673163e-6
1930	9.5967387755948e-6
1940	9.728327022843528e-6
1950	9.860994240404432e-6
1960	9.994743063214757e-6
1970	0.000010129576111241087
1980	0.000010265495989555722
1990	0.00001040250528841228
2000	0.000010540606583320545
2010	0.000010679802435120565
2020	0.000010820095390055978
2030	0.000010961487979846657
2040	0.000011103982721760596
2050	0.000011247582118685113
2060	0.000011392288659197333
2070	0.000011538104817633995
2080	0.0000116850330541606
2090	0.000011833075814839844
2100	0.000011982235531699446
2110	0.000012132514622799278
2120	0.00001228391549229791
2130	0.000012436440530518442
2140	0.000012590092114013838
2150	0.000012744872605631514
2160	0.000012900784354577412
2170	0.000013057829696479448
2180	0.000013216010953450358
2190	0.000013375330434150002
2200	0.000013535790433847063
2210	0.000013697393234480192
2220	0.000013860141104718614
2230	0.000014024036300022155
2240	0.000014189081062700744
2250	0.00001435527762197341
2260	0.000014522628194026673
2270	0.000014691134982072527
2280	0.0000148608001764058
2290	0.000015031625954461088
2300	0.000015203614480869143
2310	0.0000153767679075128
2320	0.00001555108837358239
2330	0.000015726578005630685
2340	0.000015903238917627398
2350	0.00001608107321101316
2360	0.00001626008297475306
2370	0.00001644027028538976
2380	0.000016621637207096108
2390	0.00001680418579172734
2400	0.000016987918078872855
2410	0.00001717283609590749
2420	0.00001735894185804246
2430	0.000017546237368375807
2440	0.000017734724617942472
2450	0.000017924405585763915
2460	0.000018115282238897352
2470	0.000018307356532484626
2480	0.000018500630409800604
2490	0.000018695105802301226
2500	0.000018890784629671176
2510	0.000019087668799871165
2520	0.000019285760209184803
2530	0.00001948506074226513
2540	0.000019685572272180777
2550	0.00001988729666046175
2560	0.000020090235757144864
2570	0.000020294391400818798
2580	0.000020499765418668834
2590	0.000020706359626521198
2600	0.00002091417582888714
2610	0.000021123215819006574
2620	0.00002133348137889145
2630	0.000021544974279368773
2640	0.00002175769628012328
2650	0.000021971649129739825
2660	0.000022186834565745413
2670	0.000022403254314650944
2680	0.000022620910091992602
2690	0.00002283980360237297
2700	0.000023059936539501828
2710	0.000023281310586236654
2720	0.00002350392741462282
2730	0.000023727788685933468
2740	0.000023952896050709126
2750	0.00002417925114879704
2760	0.000024406855609390168
2770	0.000024635711051065938
2780	0.00002486581908182473
2790	0.000025097181299128027
2800	0.000025329799289936335
2810	0.000025563674630746838
2820	0.00002579880888763075
2830	0.000026035203616270438
2840	0.00002627286036199621
2850	0.00002651178065982298
2860	0.000026751966034486514
2870	0.00002699341800047953
2880	0.000027236138062087517
2890	0.000027480127713424273
2900	0.000027725388438467284
2910	0.000027971921711092707
2920	0.000028219728995110292
2930	0.000028468811744297915
2940	0.000028719171402435963
2950	0.000028970809403341448
2960	0.000029223727170901874
2970	0.000029477926119108952
2980	0.00002973340765209197
2990	0.000029990173164151034
3000	0.00003024822403979005
3010	0.000030507561653749474
3020	0.00003076818737103889
3030	0.00003103010254696929
3040	0.00003129330852718521
3050	0.00003155780664769666
3060	0.000031823598234910764
3070	0.00003209068460566328
3080	0.00003235906706724991
3090	0.0000326287469174573
3100	0.00003289972544459393
3110	0.00003317200392752085
3120	0.00003344558363568212
3130	0.00003372046582913508
3140	0.0000339966517585804
3150	0.000034274142665392064
3160	0.00003455293978164699
3170	0.0000348330443301546
3180	0.00003511445752448612
3190	0.000035397180569003726
3200	0.00003568121465888951
3210	0.00003596656098017424
3220	0.00003625322070976599
3230	0.00003654119501547854
3240	0.00003683048505605958
3250	0.000037121091981218905
3260	0.00003741301693165614
3270	0.0000377062610390886
3280	0.000038000825426278755
3290	0.000038296711207061675
3300	0.00003859391948637222
3310	0.000038892451360272095
3320	0.00003919230791597674
3330	0.00003949349023188204
3340	0.00003979599937759095
3350	0.000040099836413939794
3360	0.00004040500239302463
3370	0.000040711498358227255
3380	0.00004101932534424119
3390	0.00004132848437709742
3400	0.000041638976474190043
3410	0.000041950802644301775
3420	0.000042263963887629244
3430	0.00004257846119580816
3440	0.000042894295551938385
3450	0.00004321146793060882
3460	0.00004352997929792206
3470	0.000043849830611519086
3480	0.000044171022820603705
3490	0.00004449355686596687
3500	0.00004481743368001078
3510	0.00004514265418677301
3520	0.00004546921930195039
3530	0.0000457971299329227
3540	0.00004612638697877639
3550	0.000046456991330328
3560	0.000046788943870147595
3570	0.000047122245472581905
3580	0.000047456897003777524
3590	0.00004779289932170381
3600	0.000048130253276175716
3610	0.00004846895970887657
3620	0.00004880901945338062
3630	0.00004915043333517548
3640	0.00004949320217168451
3650	0.000049837326772289055
3660	0.00005018280793835041
3670	0.00005052964646323195
3680	0.000050877843132320865
3690	0.00005122739872304999
3700	0.00005157831400491932
3710	0.00005193058973951761
3720	0.0000522842266805437
3730	0.00005263922557382777
3740	0.00005299558715735245
3750	0.000053353312161274046
3760	0.00005371240130794325
3770	0.00005407285531192609
3780	0.00005443467488002455
3790	0.00005479786071129722
3800	0.000055162413497079755
3810	0.0000555283339210053
3820	0.00005589562265902472
3830	0.00005626428037942667
3840	0.00005663430774285786
3850	0.00005700570540234285
3860	0.000057378474003303945
3870	0.00005775261418358095
3880	0.00005812812657345081
3890	0.00005850501179564711
3900	0.0000588832704653796
3910	0.00005926290319035349
3920	0.00005964391057078865
3930	0.000060026293199438846
3940	0.00006041005166161071
3950	0.00006079518653518274
3960	0.00006118169839062408
3970	0.00006156958779101342
3980	0.00006195885529205747
3990	0.00006234950144210967
4000	0.00006274152678218863
4010	0.00006313493184599652
4020	0.0000635297171599373
4030	0.00006392588324313501
4040	0.00006432343060745177
4050	0.00006472235975750595
4060	0.00006512267119068997
4070	0.00006552436539718818
4080	0.00006592744285999466
4090	0.00006633190405493082
4100	0.000066737749450663
4110	0.00006714497950872
4120	0.00006755359468351044
4130	0.00006796359542234011
4140	0.00006837498216542922
4150	0.00006878775534592951
4160	0.0000692019153899414
4170	0.00006961746271653086
4180	0.00007003439773774649
4190	0.0000704527208586362
4200	0.00007087243247726404
4210	0.00007129353298472678
4220	0.00007171602276517066
4230	0.0000721399021958077
4240	0.00007256517164693228
4250	0.00007299183148193745
4260	0.0000734198820573312
4270	0.00007384932372275259
4280	0.00007428015682098807
4290	0.00007471238168798733
4300	0.00007514599865287934
4310	0.00007558100803798828
4320	0.00007601741015884932
4330	0.00007645520532422446
4340	0.00007689439383611805
4350	0.00007733497598979257
4360	0.00007777695207378401
4370	0.00007822032236991746
4380	0.00007866508715332242
4390	0.00007911124669244823
4400	0.0000795588012490791
4410	0.00008000775107834952
4420	0.00008045809642875927
4430	0.00008090983754218856
4440	0.00008136297465391279
4450	0.00008181750799261772
4460	0.00008227343778041408
4470	0.00008273076423285258
4480	0.00008318948755893836
4490	0.00008364960796114589
4500	0.0000841111256354333
4510	0.00008457404077125716
4520	0.0000850383535515867
4530	0.00008550406415291823
4540	0.00008597117274528966
4550	0.00008643967949229447
4560	0.00008690958455109608
4570	0.00008738088807244202
4580	0.00008785359020067779
4590	0.00008832769107376115
4600	0.00008880319082327574
4610	0.00008928008957444535
4620	0.00008975838744614742
4630	0.00009023808455092694
4640	0.00009071918099501017
4650	0.00009120167687831824
4660	0.0000916855722944808
4670	0.00009217086733084951
4680	0.00009265756206851142
4690	0.00009314565658230266
4700	0.00009363515094082145
4710	0.0000941260452064416
4720	0.00009461833943532582
4730	0.00009511203367743865
4740	0.00009560712797655994
4750	0.00009610362237029752
4760	0.00009660151689010058
4770	0.00009710081156127246
4780	0.00009760150640298361
4790	0.00009810360142828436
4800	0.00009860709664411785
4810	0.00009911199205133273
4820	0.00009961828764469584
4830	0.0001001259834129048
4840	0.00010063507933860074
4850	0.0001011455753983808
4860	0.00010165747156281047
4870	0.00010217076779643623
4880	0.00010268546405779781
4890	0.00010320156029944058
4900	0.00010371905646792775
4910	0.00010423795250385271
4920	0.0001047582483418512
4930	0.00010527994391061336
4940	0.00010580303913289586
4950	0.00010632753392553402
4960	0.0001068534281994537
4970	0.0001073807218596831
4980	0.00010790941480536508
4990	0.00010843950692976844
5000	0.00010897099812030026
5010	0.00010950388825851722
5020	0.0001100381772201376
5030	0.00011057386487505265
5040	0.00011111095108733848
5050	0.00011164943571526747
5060	0.00011218931861131979
5070	0.00011273059962219487
5080	0.00011327327858882292
5090	0.00011381735534637616
5100	0.00011436282972428026
5110	0.00011490970154622559
5120	0.00011545797063017845
5130	0.00011600763678839239
5140	0.00011655869982741911
5150	0.0001171111595481199
5160	0.00011766501574567647
5170	0.00011822026820960202
5180	0.00011877691672375237
5190	0.0001193349610663367
5200	0.00011989440100992857
5210	0.00012045523632147682
5220	0.00012101746676231624
5230	0.00012158109208817846
5240	0.00012214611204920263
5250	0.00012271252638994617
5260	0.0001232803348493954
5270	0.00012384953716097598
5280	0.00012442013305256387
5290	0.00012499212224649552
5300	0.00012556550445957845
5310	0.00012614027940310182
5320	0.00012671644678284656
5330	0.00012729400629909608
5340	0.00012787295764664654
5350	0.0001284533005148168
5360	0.0001290350345874591
5370	0.00012961815954296913
5380	0.00013020267505429615
5390	0.00013078858078895307
5400	0.00013137587640902685
5410	0.00013196456157118833
5420	0.00013255463592670214
5430	0.00013314609912143713
5440	0.00013373895079587581
5450	0.0001343331905851246
5460	0.0001349288181189238
5470	0.00013552583302165692
5480	0.00013612423491236118
5490	0.00013672402340473663
5500	0.00013732519810715648
5510	0.00013792775862267624
5520	0.000138531704549044
5530	0.00013913703547870944
5540	0.00013974375099883382
5550	0.0001403518506912995
5560	0.00014096133413271932
5570	0.00014157220089444628
5580	0.0001421844505425828
5590	0.00014279808263799028
5600	0.0001434130967362986
5610	0.00014402949238791527
5620	0.0001446472691380346
5630	0.00014526642652664762
5640	0.00014588696408855058
5650	0.00014650888135335483
5660	0.00014713217784549564
5670	0.0001477568530842412
5680	0.0001483829065837023
5690	0.00014901033785284098
5700	0.00014963914639547985
5710	0.0001502693317103108
5720	0.00015090089329090442
5730	0.00015153383062571852
5740	0.0001521681431981075
5750	0.0001528038304863311
5760	0.00015344089196356295
5770	0.0001540793270979
5780	0.00015471913535237088
5790	0.00015536031618494496
5800	0.0001560028690485408
5810	0.0001566467933910352
5820	0.0001572920886552716
5830	0.00015793875427906924
5840	0.0001585867896952309
5850	0.00015923619433155255
5860	0.0001598869676108312
5870	0.00016053910895087354
5880	0.00016119261776450494
5890	0.0001618474934595772
5900	0.00016250373543897766
5910	0.0001631613431006371
5920	0.00016382031583753873
5930	0.00016448065303772597
5940	0.00016514235408431112
5950	0.00016580541835548357
5960	0.0001664698452245183
5970	0.0001671356340597837
5980	0.00016780278422475037
5990	0.00016847129507799872
6000	0.00016914116597322758
6010	0.00016981239625926233
6020	0.00017048498528006277
6030	0.00017115893237473138
6040	0.00017183423687752142
6050	0.0001725108981178448
6060	0.00017318891542028044
6070	0.00017386828810458173
6080	0.00017454901548568508
6090	0.00017523109687371733
6100	0.00017591453157400413
6110	0.0001765993188870774
6120	0.0001772854581086835
6130	0.00017797294852979085
6140	0.00017866178943659798
6150	0.00017935198011054105
6160	0.0001800435198283017
6170	0.0001807364078618149
6180	0.0001814306434782765
6190	0.0001821262259401509
6200	0.00018282315450517895
6210	0.00018352142842638526
6220	0.000184221046952086
6230	0.00018492200932589644
6240	0.00018562431478673838
6250	0.0001863279625688481
6260	0.00018703295190178323
6270	0.00018773928201043085
6280	0.00018844695211501448
6290	0.00018915596143110187
6300	0.00018986630916961218
6310	0.00019057799453682352
6320	0.00019129101673438009
6330	0.0001920053749592999
6340	0.00019272106840398172
6350	0.00019343809625621262
6360	0.0001941564576991751
6370	0.00019487615191145439
6380	0.00019559717806704577
6390	0.00019631953533536157
6400	0.00019704322288123855
6410	0.00019776823986494485
6420	0.0001984945854421876
6430	0.00019922225876411925
6440	0.0001999512589773456
6450	0.00020068158522393187
6460	0.00020141323664141068
6470	0.0002021462123627883
6480	0.00020288051151655243
6490	0.0002036161332266784
6500	0.00020435307661263683
6510	0.00020509134078939992
6520	0.00020583092486744885
6530	0.0002065718279527807
6540	0.00020731404914691478
6550	0.00020805758754690026
6560	0.00020880244224532222
6570	0.0002095486123303091
6580	0.00021029609688553926
6590	0.00021104489499024762
6600	0.00021179500571923257
6610	0.00021254642814286275
6620	0.0002132991613270834
6630	0.00021405320433342357
6640	0.0002148085562190027
6650	0.00021556521603653672
6660	0.00021632318283434527
6670	0.0002170824556563583
6680	0.00021784303354212213
6690	0.0002186049155268066
6700	0.0002193681006412115
6710	0.00022013258791177262
6720	0.00022089837636056893
6730	0.00022166546500532888
6740	0.00022243385285943646
6750	0.00022320353893193835
6760	0.00022397452222754956
6770	0.0002247468017466605
6780	0.00022552037648534322
6790	0.00022629524543535756
6800	0.00022707140758415772
6810	0.00022784886191489862
6820	0.000228627607406442
6830	0.0002294076430333629
6840	0.00023018896776595614
6850	0.00023097158057024204
6860	0.00023175548040797308
6870	0.00023254066623664023
6880	0.00023332713700947876
6890	0.00023411489167547486
6900	0.0002349039291793713
6910	0.00023569424846167422
6920	0.00023648584845865878
6930	0.0002372787281023754
6940	0.00023807288632065595
6950	0.00023886832203711997
6960	0.00023966503417118033
6970	0.00024046302163804967
6980	0.00024126228334874625
6990	0.00024206281821010002
7000	0.0002428646251247585
7010	0.000243667702991193
7020	0.0002444720507037043
7030	0.0002452776671524291
7040	0.0002460845512233451
7050	0.00024689270179827793
7060	0.0002477021177549061
7070	0.00024851279796676764
7080	0.0002493247413032656
7090	0.0002501379466296737
7100	0.00025095241280714267
7110	0.0002517681386927057
7120	0.00025258512313928446
7130	0.0002534033649956945
7140	0.0002542228631066516
7150	0.000255043616312777
7160	0.0002558656234506034
7170	0.0002566888833525805
7180	0.00025751339484708115
7190	0.00025833915675840623
7200	0.0002591661679067913
7210	0.00025999442710841124
7220	0.0002608239331753868
7230	0.00026165468491578966
7240	0.00026248668113364827
7250	0.00026331992062895326
7260	0.0002641544021976631
7270	0.00026499012463171
7280	0.00026582708671900475
7290	0.00026666528724344287
7300	0.00026750472498490984
7310	0.0002683453987192868
7320	0.0002691873072184557
7330	0.000270030449250305
7340	0.0002708748235787353
7350	0.0002717204289636644
7360	0.00027256726416103276
7370	0.0002734153279228095
7380	0.000274264618996997
7390	0.00027511513612763655
7400	0.00027596687805481423
7410	0.0002768198435146653
7420	0.00027767403123938055
7430	0.00027852943995721087
7440	0.00027938606839247285
7450	0.0002802439152655542
7460	0.0002811029792929188
7470	0.0002819632591871119
7480	0.0002828247536567659
7490	0.00028368746140660484
7500	0.00028455138113745034
7510	0.0002854165115462261
7520	0.00028628285132596383
7530	0.0002871503991658079
7540	0.0002880191537510207
7550	0.00028888911376298766
7560	0.00028976027787922274
7570	0.0002906326447733733
7580	0.0002915062131152249
7590	0.00029238098157070727
7600	0.00029325694880189836
7610	0.0002941341134670305
7620	0.0002950124742204942
7630	0.0002958920297128444
7640	0.00029677277859080484
7650	0.00029765471949727313
7660	0.000298537851071326
7670	0.00029942217194822414
7680	0.000300307680759417
7690	0.0003011943761325483
7700	0.00030208225669146015
7710	0.00030297132105619907
7720	0.0003038615678430197
7730	0.00030475299566439103
7740	0.0003056456031289999
7750	0.00030653938884175723
7760	0.00030743435140380204
7770	0.0003083304894125063
7780	0.00030922780146148054
7790	0.0003101262861405779
7800	0.0003110259420358993
7810	0.0003119267677297981
7820	0.0003128287618008853
7830	0.0003137319228240339
7840	0.00031463624937038375
7850	0.00031554174000734633
7860	0.00031644839329860976
7870	0.00031735620780414344
7880	0.0003182651820802024
7890	0.00031917531467933266
7900	0.0003200866041503752
7910	0.0003209990490384711
7920	0.0003219126478850668
7930	0.00032282739922791736
7940	0.0003237433016010923
7950	0.0003246603535349795
7960	0.0003255785535562909
7970	0.0003264979001880655
7980	0.00032741839194967557
7990	0.00032834002735683044
8000	0.00032926280492158086
8010	0.0003301867231523244
8020	0.0003311117805538093
8030	0.0003320379756271393
8040	0.00033296530686977813
8050	0.0003338937727755542
8060	0.00033482337183466494
8070	0.0003357541025336812
8080	0.0003366859633555523
8090	0.0003376189527796098
8100	0.00033855306928157246
8110	0.0003394883113335505
8120	0.00034042467740405
8130	0.00034136216595797783
8140	0.00034230077545664516
8150	0.00034324050435777313
8160	0.00034418135111549593
8170	0.0003451233141803661
8180	0.00034606639199935855
8190	0.00034701058301587535
8200	0.00034795588566974945
8210	0.00034890229839724935
8220	0.0003498498196310837
8230	0.00035079844780040546
8240	0.00035174818133081596
8250	0.00035269901864436946
8260	0.00035365095815957745
8270	0.00035460399829141307
8280	0.0003555581374513151
8290	0.0003565133740471923
8300	0.00035746970648342793
8310	0.0003584271331608837
8320	0.00035938565247690436
8330	0.0003603452628253214
8340	0.00036130596259645754
8350	0.0003622677501771316
8360	0.0003632306239506612
8370	0.0003641945822968686
8380	0.0003651596235920836
8390	0.00036612574620914864
8400	0.0003670929485174222
8410	0.0003680612288827834
8420	0.0003690305856676362
8430	0.0003700010172309133
8440	0.0003709725219280804
8450	0.00037194509811114
8460	0.00037291874412863607
8470	0.00037389345832565784
8480	0.0003748692390438435
8490	0.00037584608462138476
8500	0.00037682399339303133
8510	0.0003778029636900938
8520	0.0003787829938404487
8530	0.00037976408216854214
8540	0.0003807462269953937
8550	0.0003817294266386005
8560	0.0003827136794123419
8570	0.0003836989836273822
8580	0.00038468533759107576
8590	0.00038567273960737067
8600	0.0003866611879768123
8610	0.00038765068099654774
8620	0.00038864121696032954
8630	0.00038963279415851987
8640	0.00039062541087809405
8650	0.0003916190654026447
8660	0.0003926137560123859
8670	0.0003936094809841567
8680	0.00039460623859142514
8690	0.0003956040271042924
8700	0.0003966028447894962
8710	0.00039760268991041503
8720	0.0003986035607270719
8730	0.0003996054554961383
8740	0.00040060837247093755
8750	0.00040161230990144964
8760	0.0004026172660343142
8770	0.000403623239112834
8780	0.0004046302273769803
8790	0.00040563822906339477
8800	0.0004066472424053951
8810	0.00040765726563297684
8820	0.0004086682969728189
8830	0.00040968033464828656
8840	0.0004106933768794349
8850	0.0004117074218830134
8860	0.00041272246787246855
8870	0.00041373851305794924
8880	0.0004147555556463085
8890	0.00041577359384110875
8900	0.0004167926258426249
8910	0.0004178126498478477
8920	0.0004188336640504883
8930	0.00041985566664098147
8940	0.00042087865580648883
8950	0.0004219026297309034
8960	0.00042292758659485236
8970	0.0004239535245757017
8980	0.000424980441847559
8990	0.00042600833658127724
9000	0.0004270372069444586
9010	0.0004280670511014583
9020	0.0004290978672133877
9030	0.00043012965343811825
9040	0.00043116240793028473
9050	0.0004321961288412894
9060	0.0004332308143193051
9070	0.00043426646250927886
9080	0.00043530307155293567
9090	0.0004363406395887821
9100	0.00043737916475210936
9110	0.00043841864517499735
9120	0.00043945907898631804
9130	0.0004405004643117386
9140	0.00044154279927372556
9150	0.000442586081991548
9160	0.000443630310581281
9170	0.0004446754831558092
9180	0.00044572159782483027
9190	0.00044676865269485834
9200	0.0004478166458692276
9210	0.0004488655754480955
9220	0.0004499154395284468
9230	0.0004509662362040962
9240	0.0004520179635656921
9250	0.00045307061970072045
9260	0.0004541242026935077
9270	0.00045517871062522423
9280	0.00045623414157388784
9290	0.00045729049361436743
9300	0.00045834776481838593
9310	0.00045940595325452417
9320	0.00046046505698822356
9330	0.00046152507408179025
9340	0.0004625860025943978
9350	0.0004636478405820913
9360	0.00046471058609778994
9370	0.0004657742371912909
9380	0.00046683879190927233
9390	0.000467904248295297
9400	0.00046897060438981546
9410	0.00047003785823016925
9420	0.0004711060078505942
9430	0.0004721750512822242
9440	0.0004732449865530938
9450	0.00047431581168814216
9460	0.0004753875247092155
9470	0.00047646012363507137
9480	0.0004775336064813813
9490	0.0004786079712607338
9500	0.0004796832159826387
9510	0.0004807593386535288
9520	0.00048183633727676503
9530	0.00048291420985263774
9540	0.0004839929543783711
9550	0.00048507256884812645
9560	0.00048615305125300457
9570	0.0004872343995810496
9580	0.0004883166118172523
9590	0.0004893996859435526
9600	0.0004904836199388434
9610	0.0004915684117789736
9620	0.000492654059436751
9630	0.0004937405608819458
9640	0.0004948279140812937
9650	0.0004959161169984989
9660	0.000497005167594237
9670	0.000498095063826159
9680	0.0004991858036488936
9690	0.0005002773850140508
9700	0.0005013698058702246
9710	0.0005024630641629964
9720	0.0005035571578349379
9730	0.000504652084825615
9740	0.0005057478430715894
9750	0.0005068444305064229
9760	0.0005079418450606806
9770	0.0005090400846619326
9780	0.0005101391472347585
9790	0.0005112390307007496
9800	0.0005123397329785128
9810	0.0005134412519836725
9820	0.0005145435856288748
9830	0.0005156467318237895
9840	0.0005167506884751139
9850	0.0005178554534865756
9860	0.0005189610247589353
9870	0.0005200674001899902
9880	0.0005211745776745765
9890	0.0005222825551045728
9900	0.0005233913303689031
9910	0.0005245009013535399
9920	0.0005256112659415064
9930	0.00052672242201288
9940	0.000527834367444796
9950	0.0005289471001114492
9960	0.0005300606178840979
9970	0.0005311749186310661
9980	0.000532290000217747
9990	0.0005334058605066063
10000	0.0005345224973571837
10010	0.000535639908626097
10020	0.000536758092167045
10030	0.0005378770458308098
10040	0.0005389967674652604
10050	0.0005401172549153551
10060	0.0005412385060231446
10070	0.0005423605186277747
10080	0.00054348329056549
10090	0.0005446068196696349
10100	0.000545731103770659
10110	0.0005468561406961177
10120	0.0005479819282706768
10130	0.0005491084643161142
10140	0.0005502357466513231
10150	0.0005513637730923148
10160	0.0005524925414522224
10170	0.000553622049541302
10180	0.0005547522951669367
10190	0.0005558832761336391
10200	0.0005570149902430549
10210	0.0005581474352939637
10220	0.0005592806090822838
10230	0.0005604145094010741
10240	0.0005615491340405373
10250	0.0005626844807880224
10260	0.0005638205474280271
10270	0.0005649573317422018
10280	0.0005660948315093512
10290	0.0005672330445054375
10300	0.0005683719685035831
10310	0.0005695116012740736
10320	0.00057065194058436
10330	0.0005717929841990623
10340	0.0005729347298799717
10350	0.0005740771753860527
10360	0.0005752203184734476
10370	0.0005763641568954772
10380	0.0005775086884026451
10390	0.0005786539107426396
10400	0.0005797998216603363
10410	0.0005809464188978018
10420	0.0005820937001942952
10430	0.0005832416632862716
10440	0.000584390305907384
10450	0.000585539625788487
10460	0.000586689620657639
10470	0.0005878402882401045
10480	0.0005889916262583571
10490	0.0005901436324320825
10500	0.0005912963044781811
10510	0.0005924496401107696
10520	0.000593603637041185
10530	0.000594758292977986
10540	0.000595913605626958
10550	0.0005970695726911122
10560	0.0005982261918706911
10570	0.0005993834608631697
10580	0.0006005413773632588
10590	0.0006016999390629076
10600	0.0006028591436513056
10610	0.0006040189888148859
10620	0.0006051794722373272
10630	0.0006063405915995576
10640	0.0006075023445797559
10650	0.000608664728853354
10660	0.0006098277420930415
10670	0.0006109913819687658
10680	0.0006121556461477362
10690	0.0006133205322944261
10700	0.0006144860380705755
10710	0.0006156521611351934
10720	0.00061681889914456
10730	0.0006179862497522314
10740	0.0006191542106090389
10750	0.0006203227793630939
10760	0.0006214919536597892
10770	0.0006226617311418025
10780	0.0006238321094490986
10790	0.0006250030862189307
10800	0.0006261746590858453
10810	0.0006273468256816823
10820	0.0006285195836355792
10830	0.0006296929305739725
10840	0.0006308668641206016
10850	0.0006320413818965093
10860	0.0006332164815200457
10870	0.0006343921606068706
10880	0.0006355684167699553
10890	0.0006367452476195864
10900	0.0006379226507633657
10910	0.0006391006238062164
10920	0.0006402791643503814
10930	0.0006414582699954292
10940	0.0006426379383382548
10950	0.000643818166973082
10960	0.0006449989534914662
10970	0.0006461802954822972
10980	0.0006473621905318
10990	0.0006485446362235408
11000	0.0006497276301384246
11010	0.000650911169854702
11020	0.0006520952529479684
11030	0.0006532798769911684
11040	0.0006544650395545977
11050	0.0006556507382059047
11060	0.0006568369705100943
11070	0.0006580237340295286
11080	0.0006592110263239312
11090	0.0006603988449503883
11100	0.0006615871874633508
11110	0.000662776051414638
11120	0.0006639654343534388
11130	0.0006651553338263147
11140	0.0006663457473772023
11150	0.0006675366725474145
11160	0.0006687281068756442
11170	0.0006699200478979664
11180	0.0006711124931478395
11190	0.0006723054401561088
11200	0.000673498886451009
11210	0.0006746928295581651
11220	0.0006758872670005962
11230	0.0006770821962987167
11240	0.00067827761497034
11250	0.0006794735205306791
11260	0.0006806699104923506
11270	0.0006818667823653752
11280	0.0006830641336571819
11290	0.0006842619618726094
11300	0.0006854602645139076
11310	0.0006866590390807416
11320	0.0006878582830701922
11330	0.0006890579939767598
11340	0.0006902581692923656
11350	0.000691458806506355
11360	0.0006926599031054974
11370	0.0006938614565739913
11380	0.0006950634643934661
11390	0.0006962659240429822
11400	0.0006974688329990353
11410	0.0006986721887355591
11420	0.0006998759887239246
11430	0.0007010802304329459
11440	0.0007022849113288806
11450	0.0007034900288754313
11460	0.0007046955805337498
11470	0.0007059015637624379
11480	0.0007071079760175504
11490	0.0007083148147525963
11500	0.0007095220774185421
11510	0.0007107297614638139
11520	0.0007119378643342988
11530	0.0007131463834733481
11540	0.0007143553163217781
11550	0.0007155646603178746
11560	0.0007167744128973925
11570	0.0007179845714935601
11580	0.0007191951335370796
11590	0.0007204060964561303
11600	0.0007216174576763711
11610	0.0007228292146209414
11620	0.0007240413647104644
11630	0.0007252539053630488
11640	0.0007264668339942908
11650	0.0007276801480172772
11660	0.0007288938448425854
11670	0.0007301079218782887
11680	0.0007313223765299558
11690	0.0007325372062006539
11700	0.000733752408290951
11710	0.0007349679801989179
11720	0.0007361839193201303
11730	0.0007374002230476709
11740	0.0007386168887721314
11750	0.0007398339138816151
11760	0.0007410512957617384
11770	0.0007422690317956334
11780	0.00074348711936395
11790	0.0007447055558448576
11800	0.0007459243386140474
11810	0.0007471434650447346
11820	0.0007483629325076604
11830	0.0007495827383710949
11840	0.0007508028800008367
11850	0.0007520233547602188
11860	0.0007532441600101071
11870	0.0007544652931089048
11880	0.0007556867514125528
11890	0.0007569085322745338
11900	0.0007581306330458724
11910	0.000759353051075138
11920	0.0007605757837084476
11930	0.0007617988282894657
11940	0.0007630221821594092
11950	0.0007642458426570472
11960	0.0007654698071187044
11970	0.0007666940728782616
11980	0.0007679186372671596
11990	0.0007691434976144006
12000	0.0007703686512465493
12010	0.0007715940954877357
12020	0.0007728198276596578
12030	0.0007740458450815821
12040	0.000775272145070347
12050	0.0007764987249403642
12060	0.0007777255820036203
12070	0.0007789527135696791
12080	0.0007801801169456853
12090	0.0007814077894363634
12100	0.0007826357283440212
12110	0.0007838639309685539
12120	0.0007850923946074418
12130	0.0007863211165557555
12140	0.0007875500941061576
12150	0.0007887793245489026
12160	0.0007900088051718417
12170	0.0007912385332604227
12180	0.0007924685060976929
12190	0.0007936987209643005
12200	0.0007949291751384978
12210	0.0007961598658961414
12220	0.0007973907905106959
12230	0.0007986219462532338
12240	0.0007998533303924399
12250	0.0008010849401946114
12260	0.000802316772923661
12270	0.0008035488258411176
12280	0.0008047810962061292
12290	0.000806013581275465
12300	0.0008072462783035168
12310	0.0008084791845423009
12320	0.00080971229724146
12330	0.0008109456136482662
12340	0.0008121791310076215
12350	0.0008134128465620598
12360	0.00081464675755175
12370	0.0008158808612144977
12380	0.000817115154785745
12390	0.0008183496354985754
12400	0.0008195843005837144
12410	0.0008208191472695307
12420	0.0008220541727820387
12430	0.0008232893743449012
12440	0.00082452474917943
12450	0.0008257602945045883
12460	0.0008269960075369926
12470	0.0008282318854909152
12480	0.0008294679255782849
12490	0.0008307041250086898
12500	0.0008319404809893784
12510	0.0008331769907252626
12520	0.0008344136514189177
12530	0.0008356504602705876
12540	0.0008368874144781823
12550	0.0008381245112372827
12560	0.0008393617477411424
12570	0.0008405991211806886
12580	0.0008418366287445235
12590	0.0008430742676189276
12600	0.0008443120349878606
12610	0.0008455499280329639
12620	0.0008467879439335621
12630	0.0008480260798666631
12640	0.0008492643330069641
12650	0.0008505027005268487
12660	0.0008517411795963929
12670	0.0008529797673833635
12680	0.0008542184610532219
12690	0.0008554572577691259
12700	0.0008566961546919302
12710	0.0008579351489801897
12720	0.0008591742377901602
12730	0.0008604134182758012
12740	0.0008616526875887768
12750	0.000862892042878458
12760	0.0008641314812919244
12770	0.000865370999973966
12780	0.0008666105960670843
12790	0.0008678502667114966
12800	0.0008690900090451341
12810	0.0008703298202036461
12820	0.0008715696973204014
12830	0.0008728096375264898
12840	0.0008740496379507245
12850	0.0008752896957196423
12860	0.0008765298079575072
12870	0.0008777699717863114
12880	0.000879010184325777
12890	0.0008802504426933571
12900	0.0008814907440042397
12910	0.0008827310853713466
12920	0.000883971463905338
12930	0.0008852118767146111
12940	0.0008864523209053054
12950	0.0008876927935813017
12960	0.000888933291844225
12970	0.0008901738127934462
12980	0.0008914143535260834
12990	0.0008926549111370041
13000	0.0008938954827188266
13010	0.0008951360653619223
13020	0.000896376656154416
13030	0.0008976172521821904
13040	0.000898857850528884
13050	0.0009000984482758964
13060	0.0009013390425023877
13070	0.0009025796302852817
13080	0.0009038202086992662
13090	0.0009050607748167964
13100	0.0009063013257080944
13110	0.0009075418584411527
13120	0.0009087823700817357
13130	0.0009100228576933812
13140	0.0009112633183374012
13150	0.0009125037490728846
13160	0.0009137441469566987
13170	0.000914984509043491
13180	0.0009162248323856907
13190	0.0009174651140335099
13200	0.0009187053510349468
13210	0.0009199455404357849
13220	0.0009211856792795979
13230	0.0009224257646077484
13240	0.0009236657934593908
13250	0.0009249057628714734
13260	0.0009261456698787391
13270	0.0009273855115137285
13280	0.0009286252848067794
13290	0.000929864986786031
13300	0.0009311046144774236
13310	0.0009323441649047003
13320	0.0009335836350894108
13330	0.0009348230220509101
13340	0.000936062322806362
13350	0.0009373015343707409
13360	0.000938540653756832
13370	0.0009397796779752341
13380	0.0009410186040343614
13390	0.0009422574289404435
13400	0.0009434961496975297
13410	0.0009447347633074877
13420	0.0009459732667700075
13430	0.0009472116570826019
13440	0.0009484499312406089
13450	0.0009496880862371918
13460	0.0009509261190633427
13470	0.0009521640267078826
13480	0.0009534018061574641
13490	0.0009546394543965729
13500	0.0009558769684075281
13510	0.0009571143451704855
13520	0.0009583515816634382
13530	0.0009595886748622191
13540	0.000960825621740501
13550	0.0009620624192697994
13560	0.0009632990644194735
13570	0.0009645355541567292
13580	0.0009657718854466182
13590	0.0009670080552520413
13600	0.0009682440605337504
13610	0.0009694798982503481
13620	0.0009707155653582914
13630	0.0009719510588118923
13640	0.0009731863755633187
13650	0.0009744215125625973
13660	0.000975656466757615
13670	0.0009768912350941186
13680	0.0009781258145157195
13690	0.0009793602019638927
13700	0.0009805943943779788
13710	0.0009818283886951873
13720	0.0009830621818505956
13730	0.0009842957707771527
13740	0.000985529152405679
13750	0.0009867623236648692
13760	0.000987995281481294
13770	0.0009892280227793992
13780	0.0009904605444815114
13790	0.0009916928435078352
13800	0.0009929249167764578
13810	0.000994156761203349
13820	0.000995388373702363
13830	0.0009966197511852412
13840	0.0009978508905616112
13850	0.0009990817887389905
13860	0.0010003124426227882
13870	0.001001542849116304
13880	0.001002773005120732
13890	0.0010040029075351618
13900	0.0010052325532565797
13910	0.0010064619391798703
13920	0.0010076910621978183
13930	0.0010089199192011094
13940	0.0010101485070783303
13950	0.0010113768227159763
13960	0.001012604862998444
13970	0.0010138326248080413
13980	0.0010150601050249817
13990	0.001016287300527391
14000	0.001017514208191306
14010	0.0010187408248906768
14020	0.0010199671474973697
14030	0.0010211931728811648
14040	0.0010224188979097615
14050	0.0010236443194487788
14060	0.0010248694343617563
14070	0.0010260942395101552
14080	0.0010273187317533599
14090	0.0010285429079486816
14100	0.001029766764951358
14110	0.0010309902996145529
14120	0.001032213508789362
14130	0.0010334363893248104
14140	0.0010346589380678577
14150	0.0010358811518633956
14160	0.001037103027554252
14170	0.0010383245619811914
14180	0.001039545751982917
14190	0.0010407665943960728
14200	0.0010419870860552416
14210	0.0010432072237929512
14220	0.0010444270044396731
14230	0.0010456464248238232
14240	0.0010468654817717663
14250	0.0010480841721078142
14260	0.001049302492654229
14270	0.0010505204402312253
14280	0.0010517380116569694
14290	0.001052955203747582
14300	0.0010541720133171392
14310	0.0010553884371776756
14320	0.001056604472139183
14330	0.0010578201150096133
14340	0.001059035362594881
14350	0.001060250211698862
14360	0.0010614646591233963
14370	0.001062678701668292
14380	0.0010638923361313212
14390	0.0010651055593082265
14400	0.0010663183679927193
14410	0.0010675307589764836
14420	0.0010687427290491747
14430	0.001069954274998423
14440	0.001071165393609834
14450	0.0010723760816669901
14460	0.001073586335951453
14470	0.001074796153242763
14480	0.0010760055303184418
14490	0.0010772144639539939
14500	0.0010784229509229074
14510	0.001079630987996656
14520	0.001080838571944701
14530	0.0010820456995344896
14540	0.0010832523675314602
14550	0.0010844585726990418
14560	0.0010856643117986555
14570	0.0010868695815897163
14580	0.0010880743788296335
14590	0.0010892787002738128
14600	0.001090482542675659
14610	0.0010916859027865747
14620	0.0010928887773559634
14630	0.001094091163131231
14640	0.0010952930568577852
14650	0.00109649445527904
14660	0.0010976953551364143
14670	0.0010988957531693352
14680	0.001100095646115237
14690	0.0011012950307095657
14700	0.0011024939036857783
14710	0.0011036922617753435
14720	0.0011048901017077452
14730	0.001106087420210482
14740	0.0011072842140090705
14750	0.001108480479827044
14760	0.0011096762143859567
14770	0.0011108714144053822
14780	0.0011120660766029168
14790	0.0011132601976941818
14800	0.001114453774392821
14810	0.0011156468034105053
14820	0.001116839281456934
14830	0.001118031205239834
14840	0.0011192225714649635
14850	0.0011204133768361114
14860	0.0011216036180550994
14870	0.001122793291821784
14880	0.0011239823948340567
14890	0.0011251709237878463
14900	0.0011263588753771191
14910	0.0011275462462938812
14920	0.001128733033228179
14930	0.001129919232868102
14940	0.0011311048418997823
14950	0.0011322898570073968
14960	0.0011334742748731685
14970	0.0011346580921773675
14980	0.0011358413055983132
14990	0.0011370239118123748
15000	0.0011382059074939712
15010	0.001139387289315576
15020	0.0011405680539477148
15030	0.00114174819805897
15040	0.001142927718315979
15050	0.0011441066113834378
15060	0.0011452848739241005
15070	0.001146462502598783
15080	0.0011476394940663614
15090	0.0011488158449837753
15100	0.0011499915520060276
15110	0.0011511666117861885
15120	0.0011523410209753925
15130	0.0011535147762228445
15140	0.001154687874175816
15150	0.001155860311479652
15160	0.0011570320847777672
15170	0.00115820319071165
15180	0.0011593736259208633
15190	0.0011605433870430456
15200	0.0011617124707139126
15210	0.001162880873567257
15220	0.0011640485922349527
15230	0.0011652156233469529
15240	0.001166381963531293
15250	0.001167547609414092
15260	0.001168712557619553
15270	0.001169876804769966
15280	0.0011710403474857062
15290	0.0011722031823852377
15300	0.001173365306085115
15310	0.0011745267151999814
15320	0.0011756874063425745
15330	0.0011768473761237237
15340	0.0011780066211523527
15350	0.0011791651380354822
15360	0.0011803229233782282
15370	0.001181479973783807
15380	0.0011826362858535317
15390	0.001183791856186818
15400	0.0011849466813811836
15410	0.0011861007580322481
15420	0.0011872540827337365
15430	0.0011884066520774779
15440	0.0011895584626534109
15450	0.0011907095110495795
15460	0.001191859793852139
15470	0.0011930093076453535
15480	0.0011941580490116
15490	0.0011953060145313682
15500	0.001196453200783262
15510	0.001197599604344
15520	0.0011987452217884181
15530	0.0011998900496894703
15540	0.001201034084618229
15550	0.0012021773231438873
15560	0.0012033197618337588
15570	0.0012044613972532813
15580	0.0012056022259660148
15590	0.0012067422445336464
15600	0.0012078814495159872
15610	0.001209019837470977
15620	0.001210157404954685
15630	0.0012112941485213084
15640	0.0012124300647231774
15650	0.001213565150110753
15660	0.0012146994012326303
15670	0.0012158328146355387
15680	0.0012169653868643448
15690	0.00121809711446205
15700	0.0012192279939697958
15710	0.0012203580219268624
15720	0.0012214871948706702
15730	0.0012226155093367824
15740	0.0012237429618589038
15750	0.0012248695489688848
15760	0.0012259952671967202
15770	0.0012271201130705513
15780	0.0012282440831166677
15790	0.0012293671738595076
15800	0.0012304893818216583
15810	0.0012316107035238596
15820	0.0012327311354850034
15830	0.0012338506742221346
15840	0.0012349693162504527
15850	0.0012360870580833143
15860	0.0012372038962322315
15870	0.0012383198272068756
15880	0.0012394348475150772
15890	0.0012405489536628264
15900	0.0012416621421542761
15910	0.001242774409491742
15920	0.001243885752175703
15930	0.0012449961667048038
15940	0.0012461056495758553
15950	0.0012472141972838353
15960	0.001248321806321891
15970	0.0012494284731813389
15980	0.0012505341943516662
15990	0.001251638966320533
16000	0.001252742785573771
16010	0.0012538456485953883
16020	0.0012549475518675666
16030	0.0012560484918706647
16040	0.0012571484650832202
16050	0.0012582474679819486
16060	0.0012593454970417453
16070	0.0012604425487356872
16080	0.0012615386195350328
16090	0.0012626337059092254
16100	0.0012637278043258924
16110	0.0012648209112508454
16120	0.0012659130231480848
16130	0.0012670041364797977
16140	0.0012680942477063606
16150	0.0012691833532863398
16160	0.0012702714496764939
16170	0.0012713585333317726
16180	0.0012724446007053205
16190	0.001273529648248475
16200	0.0012746136724107716
16210	0.0012756966696399407
16220	0.0012767786363819115
16230	0.0012778595690808125
16240	0.001278939464178972
16250	0.0012800183181169195
16260	0.0012810961273333873
16270	0.0012821728882653114
16280	0.001283248597347832
16290	0.0012843232510142953
16300	0.0012853968456962538
16310	0.0012864693778234693
16320	0.00128754084382391
16330	0.0012886112401237575
16340	0.001289680563147403
16350	0.001290748809317449
16360	0.0012918159750547136
16370	0.0012928820567782281
16380	0.0012939470509052398
16390	0.0012950109538512125
16400	0.0012960737620298275
16410	0.0012971354718529858
16420	0.0012981960797308074
16430	0.0012992555820716348
16440	0.0013003139752820307
16450	0.001301371255766783
16460	0.001302427419928901
16470	0.0013034824641696236
16480	0.0013045363848884122
16490	0.0013055891784829585
16500	0.001306640841349181
16510	0.0013076913698812282
16520	0.00130874076047148
16530	0.0013097890095105484
16540	0.001310836113387277
16550	0.001311882068488744
16560	0.0013129268712002635
16570	0.001313970517905384
16580	0.0013150130049858924
16590	0.0013160543288218134
16600	0.0013170944857914112
16610	0.0013181334722711896
16620	0.0013191712846358954
16630	0.0013202079192585164
16640	0.0013212433725102847
16650	0.0013222776407606762
16660	0.0013233107203774127
16670	0.0013243426077264634
16680	0.0013253732991720451
16690	0.0013264027910766224
16700	0.001327431079800911
16710	0.0013284581617038762
16720	0.001329484033142736
16730	0.001330508690472962
16740	0.0013315321300482786
16750	0.001332554348220666
16760	0.0013335753413403603
16770	0.0013345951057558549
16780	0.0013356136378139005
16790	0.001336630933859509
16800	0.0013376469902359508
16810	0.0013386618032847583
16820	0.0013396753693457261
16830	0.001340687684756912
16840	0.0013416987458546392
16850	0.0013427085489734949
16860	0.0013437170904463335
16870	0.0013447243666042774
16880	0.001345730373776716
16890	0.0013467351082913103
16900	0.0013477385664739903
16910	0.0013487407446489586
16920	0.0013497416391386884
16930	0.0013507412462639302
16940	0.001351739562343706
16950	0.0013527365836953139
16960	0.0013537323066343306
16970	0.0013547267274746087
16980	0.0013557198425282802
16990	0.0013567116481057577
17000	0.0013577021405157313
17010	0.001358691316065178
17020	0.0013596791710593517
17030	0.0013606657018017966
17040	0.0013616509045943357
17050	0.0013626347757370815
17060	0.0013636173115284323
17070	0.0013645985082650738
17080	0.0013655783622419809
17090	0.0013665568697524188
17100	0.0013675340270879427
17110	0.0013685098305383997
17120	0.0013694842763919304
17130	0.0013704573609349686
17140	0.0013714290804522438
17150	0.0013723994312267796
17160	0.0013733684095398977
17170	0.0013743360116712183
17180	0.0013753022338986588
17190	0.0013762670724984372
17200	0.0013772305237450722
17210	0.0013781925839113842
17220	0.0013791532492684968
17230	0.001380112516085836
17240	0.0013810703806311341
17250	0.0013820268391704282
17260	0.0013829818879680632
17270	0.0013839355232866896
17280	0.0013848877413872684
17290	0.0013858385385290698
17300	0.001386787910969674
17310	0.0013877358549649736
17320	0.0013886823667691728
17330	0.0013896274426347917
17340	0.0013905710788126601
17350	0.001391513271551929
17360	0.0013924540171000625
17370	0.0013933933117028416
17380	0.0013943311516043686
17390	0.0013952675330470628
17400	0.0013962024522716646
17410	0.001397135905517235
17420	0.0013980678890211588
17430	0.0013989983990191426
17440	0.001399927431745218
17450	0.0014008549834317412
17460	0.0014017810503093944
17470	0.0014027056286071886
17480	0.0014036287145524598
17490	0.0014045503043708754
17500	0.0014054703942864323
17510	0.0014063889805214583
17520	0.001407306059296611
17530	0.0014082216268308837
17540	0.0014091356793416024
17550	0.001410048213044428
17560	0.0014109592241533563
17570	0.00141186870888072
17580	0.0014127766634371892
17590	0.0014136830840317737
17600	0.0014145879668718217
17610	0.0014154913081630214
17620	0.0014163931041094033
17630	0.0014172933509133394
17640	0.0014181920447755463
17650	0.0014190891818950822
17660	0.0014199847584693526
17670	0.001420878770694108
17680	0.0014217712147634469
17690	0.001422662086869814
17700	0.0014235513832040049
17710	0.0014244390999551635
17720	0.0014253252333107835
17730	0.0014262097794567141
17740	0.0014270927345771524
17750	0.0014279740948546515
17760	0.0014288538564701182
17770	0.0014297320156028165
17780	0.001430608568430364
17790	0.001431483511128736
17800	0.0014323568398722673
17810	0.0014332285508336508
17820	0.00143409864018394
17830	0.0014349671040925476
17840	0.001435833938727251
17850	0.001436699140254187
17860	0.0014375627048378585
17870	0.0014384246286411322
17880	0.00143928490782524
17890	0.001440143538549781
17900	0.0014410005169727203
17910	0.001441855839250392
17920	0.0014427095015374996
17930	0.001443561499987116
17940	0.0014444118307506862
17950	0.001445260489978025
17960	0.0014461074738173214
17970	0.0014469527784151393
17980	0.0014477963999164132
17990	0.0014486383344644578
18000	0.0014494785782009606
18010	0.0014503171272659892
18020	0.0014511539777979868
18030	0.0014519891259337765
18040	0.001452822567808563
18050	0.00145365429955593
18060	0.0014544843173078437
18070	0.0014553126171946522
18080	0.0014561391953450892
18090	0.0014569640478862707
18100	0.0014577871709436983
18110	0.0014586085606412625
18120	0.0014594282131012366
18130	0.0014602461244442853
18140	0.0014610622907894613
18150	0.001461876708254207
18160	0.0014626893729543546
18170	0.0014635002810041303
18180	0.0014643094285161503
18190	0.001465116811601425
18200	0.0014659224263693599
18210	0.0014667262689277544
18220	0.0014675283353828043
18230	0.0014683286218391022
18240	0.0014691271243996399
18250	0.001469923839165805
18260	0.0014707187622373878
18270	0.0014715118897125764
18280	0.0014723032176879617
18290	0.0014730927422585355
18300	0.0014738804595176953
18310	0.0014746663655572383
18320	0.0014754504564673703
18330	0.0014762327283367013
18340	0.0014770131772522466
18350	0.0014777917992994315
18360	0.001478568590562087
18370	0.0014793435471224547
18380	0.0014801166650611857
18390	0.0014808879404573433
18400	0.0014816573693883991
18410	0.0014824249479302408
18420	0.001483190672157168
18430	0.0014839545381418952
18440	0.001484716541955551
18450	0.0014854766796676814
18460	0.001486234947346248
18470	0.0014869913410576318
18480	0.0014877458568666297
18490	0.0014884984908364607
18500	0.0014892492390287636
18510	0.0014899980975035965
18520	0.0014907450623194423
18530	0.001491490129533205
18540	0.001492233295200212
18550	0.0014929745553742169
18560	0.0014937139061073975
18570	0.001494451343450358
18580	0.00149518686345213
18590	0.0014959204621601736
18600	0.0014966521356203756
18610	0.0014973818798770556
18620	0.0014981096909729614
18630	0.0014988355649492723
18640	0.0014995594978456013
18650	0.0015002814856999926
18660	0.0015010015245489259
18670	0.0015017196104273136
18680	0.0015024357393685066
18690	0.0015031499074042883
18700	0.0015038621105648831
18710	0.0015045723448789514
18720	0.0015052806063735932
18730	0.001505986891074348
18740	0.0015066911950051948
18750	0.0015073935141885566
18760	0.0015080938446452958
18770	0.00150879218239472
18780	0.001509488523454579
18790	0.001510182863841069
18800	0.0015108751995688303
18810	0.0015115655266509504
18820	0.0015122538410989638
18830	0.0015129401389228528
18840	0.0015136244161310494
18850	0.0015143066687304336
18860	0.001514986892726338
18870	0.0015156650841225442
18880	0.001516341238921288
18890	0.0015170153531232577
18900	0.0015176874227275938
18910	0.001518357443731894
18920	0.0015190254121322088
18930	0.0015196913239230473
18940	0.0015203551750973736
18950	0.0015210169616466113
18960	0.001521676679560642
18970	0.001522334324827806
18980	0.0015229898934349053
18990	0.0015236433813672018
19000	0.0015242947846084212
19010	0.0015249440991407486
19020	0.0015255913209448362
19030	0.0015262364459997994
19040	0.0015268794702832176
19050	0.0015275203897711371
19060	0.0015281592004380705
19070	0.001528795898256999
19080	0.0015294304791993712
19090	0.0015300629392351057
19100	0.00153069327433259
19110	0.0015313214804586828
19120	0.0015319475535787153
19130	0.0015325714896564902
19140	0.0015331932846542832
19150	0.001533812934532845
19160	0.0015344304352513992
19170	0.0015350457827676479
19180	0.0015356589730377663
19190	0.0015362700020164091
19200	0.0015368788656567088
19210	0.001537485559910275
19220	0.0015380900807271986
19230	0.00153869242405605
19240	0.0015392925858438815
19250	0.0015398905620362254
19260	0.001540486348577099
19270	0.0015410799414090025
19280	0.0015416713364729195
19290	0.0015422605297083186
19300	0.001542847517053157
19310	0.0015434322944438742
19320	0.0015440148578153997
19330	0.001544595203101152
19340	0.0015451733262330364
19350	0.0015457492231414497
19360	0.0015463228897552776
19370	0.0015468943220019005
19380	0.0015474635158071858
19390	0.0015480304670954978
19400	0.0015485951717896934
19410	0.0015491576258111234
19420	0.0015497178250796339
19430	0.001550275765513568
19440	0.0015508314430297647
19450	0.0015513848535435599
19460	0.001551935992968791
19470	0.0015524848572177892
19480	0.0015530314422013897
19490	0.0015535757438289277
19500	0.0015541177580082393
19510	0.0015546574806456614
19520	0.0015551949076460362
19530	0.0015557300349127088
19540	0.0015562628583475277
19550	0.0015567933738508482
19560	0.0015573215773215308
19570	0.0015578474646569423
19580	0.0015583710317529584
19590	0.0015588922745039618
19600	0.001559411188802845
19610	0.0015599277705410106
19620	0.0015604420156083696
19630	0.0015609539198933487
19640	0.0015614634792828813
19650	0.0015619706896624179
19660	0.0015624755469159206
19670	0.0015629780469258662
19680	0.0015634781855732476
19690	0.0015639759587375724
19700	0.0015644713622968642
19710	0.0015649643921276668
19720	0.0015654550441050392
19730	0.0015659433141025603
19740	0.001566429197992329
19750	0.0015669126916449643
19760	0.0015673937909296068
19770	0.0015678724917139182
19780	0.0015683487898640839
19790	0.0015688226812448115
19800	0.001569294161719332
19810	0.0015697632271494055
19820	0.0015702298733953125
19830	0.001570694096315863
19840	0.0015711558917683927
19850	0.0015716152556087659
19860	0.0015720721836913758
19870	0.001572526671869144
19880	0.0015729787159935226
19890	0.001573428311914495
19900	0.0015738754554805753
19910	0.0015743201425388105
19920	0.0015747623689347798
19930	0.0015752021305125985
19940	0.0015756394231149133
19950	0.0015760742425829075
19960	0.0015765065847563003
19970	0.0015769364454733489
19980	0.0015773638205708461
19990	0.0015777887058841234
20000	0.0015782110972470524
20010	0.0015786309904920418
20020	0.0015790483814500434
20030	0.0015794632659505482
20040	0.0015798756398215897
20050	0.0015802854988897445
20060	0.0015806928389801318
20070	0.0015810976559164154
20080	0.001581499945520802
20090	0.0015818997036140458
20100	0.0015822969260154474
20110	0.0015826916085428526
20120	0.0015830837470126563
20130	0.0015834733372398003
20140	0.0015838603750377765
20150	0.0015842448562186275
20160	0.001584626776592945
20170	0.0015850061319698705
20180	0.0015853829181571007
20190	0.0015857571309608836
20200	0.0015861287661860198
20210	0.0015864978196358656
20220	0.0015868642871123301
20230	0.0015872281644158802
20240	0.0015875894473455366
20250	0.0015879481316988797
20260	0.0015883042132720448
20270	0.0015886576878597278
20280	0.0015890085512551822
20290	0.0015893567992502223
20300	0.001589702427635223
20310	0.0015900454321991187
20320	0.0015903858087294085
20330	0.0015907235530121522
20340	0.0015910586608319731
20350	0.0015913911279720585
20360	0.0015917209502141615
20370	0.0015920481233386006
20380	0.0015923726431242588
20390	0.001592694505348588
20400	0.001593013705787606
20410	0.0015933302402159
20420	0.0015936441044066265
20430	0.00159395529413151
20440	0.0015942638051608467
20450	0.0015945696332635038
20460	0.0015948727742069204
20470	0.0015951732237571075
20480	0.0015954709776786497
20490	0.001595766031734705
20500	0.0015960583816870078
20510	0.0015963480232958644
20520	0.0015966349523201604
20530	0.001596919164517356
20540	0.0015972006556434894
20550	0.001597479421453177
20560	0.0015977554576996139
20570	0.0015980287601345747
20580	0.001598299324508414
20590	0.0015985671465700672
20600	0.0015988322220670508
20610	0.0015990945467454643
20620	0.0015993541163499892
20630	0.0015996109266238916
20640	0.0015998649733090212
20650	0.0016001162521458129
20660	0.0016003647588732862
20670	0.0016006104892290493
20680	0.0016008534389492948
20690	0.0016010936037688043
20700	0.0016013309794209478
20710	0.0016015655616376833
20720	0.0016017973461495607
20730	0.0016020263286857179
20740	0.001602252504973885
20750	0.001602475870740384
20760	0.0016026964217101295
20770	0.0016029141536066287
20780	0.001603129062151982
20790	0.0016033411430668861
20800	0.001603550392070631
20810	0.001603756804881104
20820	0.0016039603772147878
20830	0.0016041611047867635
20840	0.0016043589833107076
20850	0.0016045540084988984
20860	0.0016047461760622128
20870	0.0016049354817101234
20880	0.001605121921150709
20890	0.0016053054900906467
20900	0.001605486184235216
20910	0.0016056639992882982
20920	0.0016058389309523795
20930	0.0016060109749285482
20940	0.0016061801269164984
20950	0.0016063463826145295
20960	0.001606509737719545
20970	0.0016066701879270577
20980	0.001606827728931185
20990	0.0016069823564246546
21000	0.0016071340660988008
21010	0.0016072828536435675
21020	0.0016074287147475096
21030	0.0016075716450977913
21040	0.001607711640380189
21050	0.0016078486962790887
21060	0.0016079828084774922
21070	0.0016081139726570133
21080	0.0016082421844978787
21090	0.0016083674396789292
21100	0.0016084897338776226
21110	0.0016086090627700314
21120	0.0016087254220308453
21130	0.00160883880733337
21140	0.0016089492143495294
21150	0.0016090566387498664
21160	0.0016091610762035428
21170	0.0016092625223783385
21180	0.0016093609729406569
21190	0.0016094564235555199
21200	0.0016095488698865724
21210	0.001609638307596081
21220	0.0016097247323449346
21230	0.0016098081397926474
21240	0.001609888525597357
21250	0.0016099658854158254
21260	0.0016100402149034423
21270	0.0016101115097142207
21280	0.001610179765500802
21290	0.001610244977914456
21300	0.0016103071426050784
21310	0.001610366255221196
21320	0.0016104223114099638
21330	0.0016104753068171668
21340	0.0016105252370872214
21350	0.0016105720978631748
21360	0.001610615884786707
21370	0.0016106565934981302
21380	0.0016106942196363893
21390	0.001610728758839064
21400	0.0016107602067423684
21410	0.0016107885589811514
21420	0.0016108138111888984
21430	0.0016108359589977305
21440	0.001610854998038407
21450	0.001610870923940324
21460	0.001610883732331517
21470	0.001610893418838659
21480	0.001610899979087064
21490	0.001610903408700686
21500	0.0016109037033021204
21510	0.0016109008585126023
21520	0.0016108948699520111
21530	0.0016108857332388677
21540	0.0016108734439903383
21550	0.00161085799782223
21560	0.0016108393903489988
21570	0.0016108176171837423
21580	0.0016107926739382058
21590	0.001610764556222781
21600	0.0016107332596465066
21610	0.0016106987798170703
21620	0.0016106611123408066
21630	0.0016106202528226995
21640	0.0016105761968663852
21650	0.0016105289400741457
21660	0.001610478478046917
21670	0.0016104248063842873
21680	0.001610367920684495
21690	0.0016103078165444337
21700	0.0016102444895596466
21710	0.0016101779353243357
21720	0.0016101081494313545
21730	0.0016100351274722132
21740	0.0016099588650370774
21750	0.0016098793577147689
21760	0.001609796601092768
21770	0.001609710590757212
21780	0.0016096213222928965
21790	0.0016095287912832761
21800	0.0016094329933104656
21810	0.0016093339239552395
21820	0.0016092315787970346
21830	0.0016091259534139466
21840	0.0016090170433827355
21850	0.0016089048442788226
21860	0.0016087893516762944
21870	0.0016086705611478992
21880	0.0016085484682650513
21890	0.0016084230685978298
21900	0.0016082943577149793
21910	0.001608162331183912
21920	0.0016080269845707036
21930	0.0016078883134401027
21940	0.0016077463133555223
21950	0.001607600979879045
21960	0.0016074523085714235
21970	0.0016073002949920795
21980	0.0016071449346991076
21990	0.0016069862232492703
22000	0.0016068241561980052
22010	0.00160665872909942
22020	0.0016064899375062961
22030	0.0016063177769700889
22040	0.001606142243040929
22050	0.0016059633312676192
22060	0.0016057810371976412
22070	0.0016055953563771496
22080	0.0016054062843509779
22090	0.0016052138166626356
22100	0.0016050179488543103
22110	0.0016048186764668691
22120	0.0016046159950398567
22130	0.0016044099001114977
22140	0.001604200387218698
22150	0.0016039874518970442
22160	0.001603771089680803
22170	0.0016035512961029249
22180	0.0016033280666950412
22190	0.0016031013969874674
22200	0.0016028712825092038
22210	0.0016026377187879331
22220	0.0016024007013500253
22230	0.0016021602257205339
22240	0.0016019162874232
22250	0.00160166888198045
22260	0.0016014180049133996
22270	0.0016011636517418515
22280	0.0016009058179842967
22290	0.0016006444991579158
22300	0.001600379690778579
22310	0.0016001113883608472
22320	0.0015998395874179709
22330	0.0015995642834618934
22340	0.0015992854720032507
22350	0.001599003148551369
22360	0.0015987173086142706
22370	0.001598427947698669
22380	0.0015981350613099743
22390	0.0015978386449522913
22400	0.0015975386941284178
22410	0.001597235204339852
22420	0.0015969281710867854
22430	0.0015966175898681086
22440	0.0015963034561814094
22450	0.0015959857655229745
22460	0.001595664513387789
22470	0.0015953396952695389
22480	0.0015950113066606098
22490	0.0015946793430520866
22500	0.001594343799933759
22510	0.0015940046727941156
22520	0.001593661957120349
22530	0.0015933156483983542
22540	0.0015929657421127306
22550	0.0015926122337467808
22560	0.0015922551187825145
22570	0.0015918943927006439
22580	0.0015915300509805892
22590	0.0015911620891004767
22600	0.0015907905025371405
22610	0.0015904152867661204
22620	0.0015900364372616663
22630	0.0015896539494967363
22640	0.0015892678189429986
22650	0.0015888780410708296
22660	0.0015884846113493189
22670	0.0015880875252462655
22680	0.0015876867782281803
22690	0.001587282365760287
22700	0.0015868742833065222
22710	0.0015864625263295343
22720	0.0015860470902906876
22730	0.0015856279706500604
22740	0.0015852051628664461
22750	0.0015847786623973525
22760	0.0015843484646990073
22770	0.0015839145652263497
22780	0.0015834769594330416
22790	0.0015830356427714582
22800	0.0015825906106926959
22810	0.0015821418586465714
22820	0.001581689382081617
22830	0.0015812331764450884
22840	0.0015807732371829603
22850	0.0015803095597399304
22860	0.0015798421395594167
22870	0.0015793709720835602
22880	0.0015788960527532256
22890	0.0015784173770079998
22900	0.0015779349402861946
22910	0.001577448738024846
22920	0.0015769587656597169
22930	0.0015764650186252923
22940	0.001575967492354788
22950	0.0015754661822801439
22960	0.001574961083832027
22970	0.0015744521924398339
22980	0.0015739395035316893
22990	0.0015734230125344466
23000	0.0015729027148736884
23010	0.0015723786059737295
23020	0.001571850681257613
23030	0.0015713189361471148
23040	0.0015707833660627423
23050	0.0015702439664237351
23060	0.0015697007326480655
23070	0.0015691536601524403
23080	0.0015686027443522997
23090	0.0015680479806618184
23100	0.0015674893644939075
23110	0.001566926891260211
23120	0.0015663605563711117
23130	0.0015657903552357298
23140	0.0015652162832619193
23150	0.0015646383358562744
23160	0.0015640565084241288
23170	0.001563470796369554
23180	0.00156288119509536
23190	0.0015622877000030977
23200	0.0015616903064930602
23210	0.0015610890099642793
23220	0.0015604838058145298
23230	0.0015598746894403281
23240	0.0015592616562369332
23250	0.001558644701598349
23260	0.001558023820917322
23270	0.001557399009585344
23280	0.0015567702629926494
23290	0.0015561375765282214
23300	0.0015555009455797866
23310	0.001554860365533819
23320	0.0015542158317755407
23330	0.0015535673396889205
23340	0.0015529148846566742
23350	0.0015522584620602685
23360	0.0015515980672799186
23370	0.0015509336956945887
23380	0.0015502653426819944
23390	0.001549593003618601
23400	0.001548916673879627
23410	0.00154823634883904
23420	0.0015475520238695628
23430	0.0015468636943426705
23440	0.0015461713556285902
23450	0.0015454750030963046
23460	0.0015447746321135501
23470	0.00154407023804682
23480	0.0015433618162613613
23490	0.0015426493621211767
23500	0.0015419328709890276
23510	0.0015412123382264318
23520	0.0015404877591936644
23530	0.0015397591292497593
23540	0.001539026443752509
23550	0.0015382896980584652
23560	0.0015375488875229405
23570	0.0015368040075000064
23580	0.0015360550533424961
23590	0.0015353020204020042
23600	0.001534544904028887
23610	0.0015337836995722642
23620	0.0015330184023800177
23630	0.0015322490077987925
23640	0.0015314755111739988
23650	0.001530697907849811
23660	0.0015299161931691676
23670	0.0015291303624737748
23680	0.0015283404111041032
23690	0.0015275463343993913
23700	0.0015267481276976427
23710	0.0015259457863356317
23720	0.0015251393056488988
23730	0.0015243286809717535
23740	0.0015235139076372763
23750	0.0015226949809773144
23760	0.0015218718963224869
23770	0.0015210446490021862
23780	0.001520213234344571
23790	0.0015193776476765764
23800	0.0015185378843239074
23810	0.0015176939396110423
23820	0.001516845808861234
23830	0.0015159934873965075
23840	0.0015151369705376637
23850	0.0015142762536042775
23860	0.0015134113319147007
23870	0.0015125422007860588
23880	0.0015116688555342557
23890	0.0015107912914739728
23900	0.001509909503918666
23910	0.001509023488180573
23920	0.0015081332395707066
23930	0.0015072387533988621
23940	0.0015063400249736112
23950	0.0015054370496023074
23960	0.001504529822591085
23970	0.0015036183392448585
23980	0.0015027025948673245
23990	0.001501782584760961
24000	0.0015008583042270304
24010	0.001499929748565576
24020	0.0014989969130754263
24030	0.0014980597930541936
24040	0.0014971183837982742
24050	0.0014961726806028504
24060	0.0014952226787618896
24070	0.0014942683735681462
24080	0.00149330976031316
24090	0.0014923468342872591
24100	0.0014913795907795593
24110	0.0014904080250779626
24120	0.0014894321324691623
24130	0.0014884519082386395
24140	0.0014874673476706656
24150	0.0014864784460483023
24160	0.0014854851986534
24170	0.0014844876007666036
24180	0.001483485647667347
24190	0.0014824793346338576
24200	0.001481468656943155
24210	0.001480453609871052
24220	0.0014794341886921565
24230	0.0014784103886798677
24240	0.0014773822051063817
24250	0.0014763496332426895
24260	0.0014753126683585774
24270	0.001474271305722629
24280	0.0014732255406022215
24290	0.0014721753682635328
24300	0.001471120783971536
24310	0.0014700617829900046
24320	0.0014689983605815089
24330	0.0014679305120074188
24340	0.0014668582325279046
24350	0.0014657815174019364
24360	0.0014647003618872831
24370	0.0014636147612405177
24380	0.0014625247107170134
24390	0.0014614302055709451
24400	0.001460331241055291
24410	0.0014592278124218323
24420	0.001458119914921153
24430	0.0014570075438026429
24440	0.0014558906943144944
24450	0.0014547693617037061
24460	0.0014536435412160814
24470	0.0014525132280962308
24480	0.0014513784175875703
24490	0.0014502391049323238
24500	0.0014490952853715214
24510	0.001447946954145003
24520	0.0014467941064914146
24530	0.0014456367376482137
24540	0.001444474842851666
24550	0.0014433084173368462
24560	0.0014421374563376409
24570	0.001440961955086747
24580	0.0014397819088156735
24590	0.0014385973127547397
24600	0.0014374081621330778
24610	0.0014362144521786343
24620	0.0014350161781181675
24630	0.0014338133351772492
24640	0.0014326059185802665
24650	0.0014313939235504212
24660	0.0014301773453097293
24670	0.001428956179079024
24680	0.001427730420077954
24690	0.001426500063524984
24700	0.0014252651046373966
24710	0.0014240255386312915
24720	0.001422781360721588
24730	0.001421532566122022
24740	0.0014202791500451495
24750	0.0014190211077023454
24760	0.0014177584343038074
24770	0.0014164911250585486
24780	0.0014152191751744072
24790	0.001413942579858042
24800	0.001412661334314932
24810	0.001411375433749381
24820	0.0014100848733645144
24830	0.001408789648362281
24840	0.001407489753943453
24850	0.0014061851853076287
24860	0.0014048759376532284
24870	0.0014035620061775007
24880	0.0014022433860765176
24890	0.001400920072545178
24900	0.0013995920607772071
24910	0.0013982593459651589
24920	0.0013969219233004137
24930	0.0013955797879731788
24940	0.0013942329351724918
24950	0.0013928813600862194
24960	0.0013915250579010561
24970	0.0013901640238025276
24980	0.001388798252974991
24990	0.0013874277406016311
25000	0.0013860524818644676
25010	0.00138467247194435
25020	0.0013832877060209604
25030	0.001381898179272813
25040	0.0013805038868772584
25050	0.0013791048240104772
25060	0.0013777009858474845
25070	0.001376292367562133
25080	0.0013748789643271073
25090	0.0013734607713139294
25100	0.0013720377836929556
25110	0.0013706099966333816
25120	0.0013691774053032364
25130	0.00136774000486939
25140	0.0013662977904975477
25150	0.0013648507573522535
25160	0.0013633989005968914
25170	0.0013619422153936837
25180	0.001360480696903693
25190	0.0013590143402868213
25200	0.0013575431407018108
25210	0.0013560670933062471
25220	0.0013545861932565558
25230	0.0013531004357080043
25240	0.001351609815814703
25250	0.0013501143287296046
25260	0.0013486139696045063
25270	0.0013471087335900477
25280	0.0013455986158357148
25290	0.0013440836114898369
25300	0.0013425637156995879
25310	0.0013410389236109884
25320	0.0013395092303689063
25330	0.0013379746311170536
25340	0.0013364351209979896
25350	0.0013348906951531243
25360	0.001333341348722712
25370	0.001331787076845857
25380	0.001330227874660513
25390	0.0013286637373034803
25400	0.0013270946599104139
25410	0.0013255206376158143
25420	0.0013239416655530353
25430	0.0013223577388542804
25440	0.0013207688526506054
25450	0.0013191750020719187
25460	0.00131757618224698
25470	0.0013159723883034026
25480	0.001314363615367654
25490	0.001312749858565053
25500	0.0013111311130197755
25510	0.0013095073738548513
25520	0.0013078786361921644
25530	0.0013062448951524552
25540	0.0013046061458553198
25550	0.001302962383419212
25560	0.0013013136029614409
25570	0.0012996597995981747
25580	0.0012980009684444382
25590	0.0012963371046141147
25600	0.0012946682032199475
25610	0.0012929942593735372
25620	0.0012913152681853447
25630	0.0012896312247646928
25640	0.0012879421242197628
25650	0.0012862479616575968
25660	0.0012845487321841
25670	0.0012828444309040384
25680	0.00128113505292104
25690	0.0012794205933375966
25700	0.0012777010472550634
25710	0.0012759764097736576
25720	0.0012742466759924618
25730	0.0012725118410094234
25740	0.0012707718999213531
25750	0.001269026847823929
25760	0.0012672766798116945
25770	0.001265521390978058
25780	0.0012637609764152961
25790	0.001261995431214553
25800	0.0012602247504658385
25810	0.001258448929258032
25820	0.0012566679626788806
25830	0.0012548818458150018
25840	0.0012530905737518816
25850	0.0012512941415738744
25860	0.0012494925443642068
25870	0.0012476857772049765
25880	0.0012458738351771486
25890	0.0012440567133605656
25900	0.0012422344068339362
25910	0.0012404069106748458
25920	0.0012385742199597506
25930	0.0012367363297639809
25940	0.0012348932351617394
25950	0.0012330449312261049
25960	0.001231191413029029
25970	0.0012293326756413403
25980	0.0012274687141327408
25990	0.0012255995235718104
26000	0.0012237250990260033
26010	0.0012218454355616525
26020	0.001219960528243967
26030	0.0012180703721370327
26040	0.0012161749623038158
26050	0.0012142742938061587
26060	0.0012123683617047854
26070	0.0012104571610592953
26080	0.0012085406869281718
26090	0.0012066189343687755
26100	0.0012046918984373511
26110	0.0012027595741890189
26120	0.001200821956677785
26130	0.0011988790409565376
26140	0.0011969308220770448
26150	0.001194977295089959
26160	0.001193018455044815
26170	0.0011910542969900328
26180	0.001189084815972915
26190	0.0011871100070396487
26200	0.0011851298652353075
26210	0.0011831443856038474
26220	0.0011811535631881134
26230	0.0011791573930298347
26240	0.001177155870169628
26250	0.0011751489896469967
26260	0.0011731367465003324
26270	0.0011711191357669133
26280	0.0011690961524829064
26290	0.0011670677916833674
26300	0.0011650340484022418
26310	0.0011629949176723646
26320	0.0011609503945254607
26330	0.0011589004739921437
26340	0.0011568451511019217
26350	0.0011547844208831906
26360	0.0011527182783632399
26370	0.0011506467185682502
26380	0.0011485697365232962
26390	0.0011464873272523436
26400	0.0011443994857782526
26410	0.0011423062071227764
26420	0.0011402074863065637
26430	0.0011381033183491573
26440	0.0011359936982689943
26450	0.0011338786210834092
26460	0.0011317580818086292
26470	0.0011296320754597806
26480	0.001127500597050886
26490	0.0011253636415948633
26500	0.0011232212041035312
26510	0.0011210732795876026
26520	0.001118919863056691
26530	0.0011167609495193096
26540	0.0011145965339828695
26550	0.00111242661145368
26560	0.001110251176936953
26570	0.001108070225436799
26580	0.0011058837519562323
26590	0.0011036917514971652
26600	0.001101494219060412
26610	0.0010992911496456915
26620	0.0010970825382516228
26630	0.0010948683798757287
26640	0.0010926486695144364
26650	0.0010904234021630755
26660	0.0010881925728158796
26670	0.0010859561764659876
26680	0.0010837142081054425
26690	0.0010814666627251956
26700	0.0010792135353150992
26710	0.0010769548208639172
26720	0.0010746905143593157
26730	0.0010724206107878699
26740	0.0010701451051350628
26750	0.0010678639923852845
26760	0.0010655772675218327
26770	0.0010632849255269156
26780	0.0010609869613816486
26790	0.0010586833700660582
26800	0.001056374146559081
26810	0.0010540592858385607
26820	0.0010517387828812565
26830	0.0010494126326628342
26840	0.0010470808301578744
26850	0.0010447433703398691
26860	0.0010424002481812201
26870	0.0010400514586532458
26880	0.0010376969967261752
26890	0.0010353368573691505
26900	0.0010329710355502304
26910	0.0010305995262363855
26920	0.0010282223243935022
26930	0.0010258394249863829
26940	0.0010234508229787422
26950	0.0010210565133332164
26960	0.0010186564910113526
26970	0.0010162507509736177
26980	0.0010138392881793956
26990	0.0010114220975869866
27000	0.0010089991741536095
27010	0.0010065705128354029
27020	0.0010041361085874208
27030	0.001001695956363641
27040	0.0009992500511169574
27050	0.0009967983877991846
27060	0.0009943409613610574
27070	0.0009918777667522341
27080	0.0009894087989212898
27090	0.0009869340528157243
27100	0.0009844535233819584
27110	0.0009819672055653352
27120	0.000979475094310121
27130	0.0009769771845595059
27140	0.0009744734712556012
27150	0.0009719639493394434
27160	0.0009694486137509955
27170	0.0009669274594291423
27180	0.0009644004813116948
27190	0.0009618676743353899
27200	0.0009593290334358902
27210	0.0009567845535477839
27220	0.0009542342296045879
27230	0.0009516780565387445
27240	0.0009491160292816242
27250	0.0009465481427635246
27260	0.0009439743919136738
27270	0.0009413947716602247
27280	0.0009388092769302637
27290	0.000936217902649804
27300	0.00093362064374379
27310	0.0009310174951360945
27320	0.0009284084517495231
27330	0.0009257935085058115
27340	0.000923172660325627
27350	0.0009205459021285692
27360	0.0009179132288331684
27370	0.0009152746353568892
27380	0.0009126301166161285
27390	0.0009099796675262167
27400	0.0009073232830014182
27410	0.0009046609579549308
27420	0.000901992687298888
27430	0.0008993184659443582
27440	0.0008966382888013432
27450	0.0008939521507787836
27460	0.0008912600467845539
27470	0.0008885619717254659
27480	0.0008858579205072676
27490	0.0008831478880346459
27500	0.0008804318692112237
27510	0.0008777098589395621
27520	0.0008749818521211622
27530	0.0008722478436564631
27540	0.0008695078284448415
27550	0.0008667618013846168
27560	0.0008640097573730446
27570	0.0008612516913063254
27580	0.0008584875980795961
27590	0.0008557174725869386
27600	0.0008529413097213724
27610	0.0008501591043748623
27620	0.0008473708514383139
27630	0.0008445765458015754
27640	0.0008417761823534383
27650	0.0008389697559816368
27660	0.0008361572615728515
27670	0.0008333386940127036
27680	0.0008305140481857622
27690	0.0008276833189755378
27700	0.0008248465012644906
27710	0.0008220035899340219
27720	0.000819154579864484
27730	0.0008162994659351705
27740	0.0008134382430243268
27750	0.0008105709060091413
27760	0.0008076974497657543
27770	0.00080481786916925
27780	0.0008019321590936625
27790	0.000799040314411977
27800	0.0007961423299961241
27810	0.0007932382007169852
27820	0.0007903279214443939
27830	0.0007874114870471317
27840	0.0007844888923929309
27850	0.0007815601323484749
27860	0.0007786252017794002
27870	0.0007756840955502916
27880	0.0007727368085246903
27890	0.0007697833355650871
27900	0.0007668236715329268
27910	0.0007638578112886063
27920	0.0007608857496914788
27930	0.0007579074815998487
27940	0.0007549230018709774
27950	0.0007519323053610776
27960	0.0007489353869253203
27970	0.0007459322414178316
27980	0.0007429228636916926
27990	0.0007399072485989399
28000	0.0007368853909905701
28010	0.0007338572857165317
28020	0.0007308229276257366
28030	0.0007277823115660505
28040	0.0007247354323842962
28050	0.0007216822849262583
28060	0.0007186228640366801
28070	0.0007155571645592616
28080	0.0007124851813366647
28090	0.0007094069092105092
28100	0.0007063223430213782
28110	0.0007032314776088125
28120	0.0007001343078113167
28130	0.0006970308284663546
28140	0.0006939210344103538
28150	0.0006908049204787018
28160	0.0006876824815057516
28170	0.0006845537123248164
28180	0.0006814186077681748
28190	0.0006782771626670683
28200	0.0006751293718517024
28210	0.0006719752301512462
28220	0.0006688147323938347
28230	0.0006656478734065695
28240	0.000662474648015514
28250	0.0006592950510457004
28260	0.0006561090773211262
28270	0.0006529167216647554
28280	0.0006497179788985206
28290	0.0006465128438433196
28300	0.0006433013113190181
28310	0.0006400833761444522
28320	0.0006368590331374231
28330	0.0006336282771147035
28340	0.0006303911028920346
28350	0.0006271475052841252
28360	0.0006238974791046577
28370	0.0006206410191662822
28380	0.000617378120280619
28390	0.0006141087772582618
28400	0.0006108329849087737
28410	0.00060755073804069
28420	0.0006042620314615184
28430	0.0006009668599777395
28440	0.0005976652183948046
28450	0.0005943571015171405
28460	0.000591042504148147
28470	0.0005877214210901974
28480	0.0005843938471446396
28490	0.0005810597771117949
28500	0.0005777192057909611
28510	0.0005743721279804104
28520	0.0005710185384773915
28530	0.0005676584320781292
28540	0.0005642918035778225
28550	0.000560918647770652
28560	0.0005575389594497689
28570	0.0005541527334073085
28580	0.0005507599644343784
28590	0.0005473606473210672
28600	0.0005439547768564429
28610	0.0005405423478285511
28620	0.0005371233550244157
28630	0.0005336977932300416
28640	0.0005302656572304143
28650	0.0005268269418094969
28660	0.0005233816417502369
28670	0.0005199297518345611
28680	0.0005164712668433763
28690	0.0005130061815565728
28700	0.000509534490753023
28710	0.0005060561892105815
28720	0.0005025712717060857
28730	0.0004990797330153561
28740	0.0004955815679131958
28750	0.0004920767711733945
28760	0.0004885653375687228
28770	0.0004850472618709388
28780	0.00048152253885078454
28790	0.0004779911632779853
28800	0.00047445312992125513
28810	0.00047090843354829365
28820	0.00046735706892578327
28830	0.0004637990308193992
28840	0.0004602343139937978
28850	0.00045666291321262747
28860	0.0004530848232385212
28870	0.00044950003883310056
28880	0.00044590855475697816
28890	0.00044231036576975233
28900	0.000438705466630012
28910	0.00043509385209533565
28920	0.0004314755169222919
28930	0.0004278504558664378
28940	0.000424218663682323
28950	0.00042058013512348726
28960	0.0004169348649424627
28970	0.0004132828478907713
28980	0.00040962407871892746
28990	0.00040595855217643765
29000	0.00040228626301180327
29010	0.0003986072059725169
29020	0.00039492137580506286
29030	0.00039122876725492217
29040	0.00038752937506656955
29050	0.00038382319398347147
29060	0.000380110218748092
29070	0.0003763904441018881
29080	0.0003726638647853155
29090	0.00036893047553782115
29100	0.000365190271097851
29110	0.0003614432462028477
29120	0.00035768939558924974
29130	0.00035392871399249267
29140	0.00035016119614701046
29150	0.00034638683678623336
29160	0.0003426056306425918
29170	0.000338817572447514
29180	0.0003350226569314249
29190	0.00033122087882375147
29200	0.000327412232852921
29210	0.0003235967137463558
29220	0.00031977431623048537
29230	0.0003159450350307328
29240	0.00031210886487152863
29250	0.00030826580047629826
29260	0.0003044158365674739
29270	0.00030055896786648805
29280	0.00029669518909377344
29290	0.000292824494968768
29300	0.00028894688020991303
29310	0.00028506233953465033
29320	0.00028117086765942734
29330	0.000277272459299696
29340	0.00027336710916991155
29350	0.0002694548119835331
29360	0.0002655355624530269
29370	0.00026160935528986377
29380	0.00025767618520451907
29390	0.0002537360469064759
29400	0.00024978893510422184
29410	0.00024583484450525235
29420	0.00024187376981607138
29430	0.00023790570574218703
29440	0.0002339306469881174
29450	0.00022994858825738928
29460	0.00022595952425253518
29470	0.00022196344967509768
29480	0.00021796035922563015
29490	0.00021395024760369175
29500	0.00020993310950785502
29510	0.00020590893963570164
29520	0.00020187773268382203
29530	0.0001978394833478179
29540	0.00019379418632230313
29550	0.0001897418363009032
29560	0.0001856824279762535
29570	0.00018161595604000412
29580	0.00017754241518281525
29590	0.00017346180009436036
29600	0.00016937410546332606
29610	0.00016527932597741336
29620	0.00016117745632333763
29630	0.00015706849118682421
29640	0.00015295242525261804
29650	0.0001488292532044762
29660	0.0001446989697251708
29670	0.0001405615694964882
29680	0.00013641704719923438
29690	0.0001322653975132288
29700	0.00012810661511730682
29710	0.00012394069468932186
29720	0.00011976763090614357
29730	0.00011558741844365953
29740	0.00011140005197677508
29750	0.00010720552617941371
29760	0.00010300383572451622
29770	0.00009879497528404426
29780	0.0000945789395289765
29790	0.00009035572312931058
29800	0.00008612532075406774
29810	0.00008188772707128466
29820	0.00007764293674802233
29830	0.00007339094445035794
29840	0.00006913174484339341
29850	0.00006486533259125003
29860	0.00006059170235707432
29870	0.00005631084880302807
29880	0.00005202276659030408
29890	0.00004772745037910911
29900	0.00004342489482867947
29910	0.000039115094597272406
29920	0.00003479804434216735
29930	0.000030473738719670068
29940	0.000026142172385109525
29950	0.000021803339992840537
29960	0.000017457236196239046
29970	0.000013103855647713371
29980	8.743192998689271e-6
29990	4.375242899624007e-6
30000	0.