 Mh3     Width   
100   2.83808E-03  
109   3.09409E-03  
118   3.35005E-03  
127   3.60597E-03  
136   3.86187E-03  
145   4.11775E-03  
154   4.37361E-03  
163   6.71781E-03  
172   9.19017E-03  
181   1.13181E-02  
190   1.57701E-02  
199   1.94708E-02  
208   2.33440E-02  
217   2.75696E-02  
226   3.89131E-02  
235   1.23872E-01  
244   3.95141E-01  
253   8.08032E-01  
262   1.36317E+00  
271   2.01975E+00  
280   2.78580E+00  
289   3.66289E+00  
298   4.65256E+00  
307   5.76200E+00  
316   6.98491E+00  
325   8.32570E+00  
334   9.78721E+00  
343   1.13721E+01  
352   4.30295E+01  
361   5.89143E+01  
370   7.17091E+01  
379   8.30683E+01  
388   9.35976E+01  
397   1.03600E+02  
406   1.13251E+02  
415   1.22667E+02  
424   1.31926E+02  
433   1.41085E+02  
442   1.50190E+02  
451   1.59273E+02  
460   1.68364E+02  
469   1.77483E+02  
478   1.86652E+02  
487   1.95886E+02  
496   2.05199E+02  
505   2.14604E+02  
514   2.24112E+02  
523   2.33734E+02  
532   2.43478E+02  
541   2.53353E+02  
550   2.63367E+02  
559   2.73526E+02  
568   2.83838E+02  
577   2.94309E+02  
586   3.04946E+02  
595   3.15753E+02  
604   3.26737E+02  
613   3.37902E+02  
622   3.49254E+02  
631   3.60799E+02  
640   3.72540E+02  
649   3.84482E+02  
658   3.96630E+02  
667   4.08988E+02  
676   4.21561E+02  
685   4.34353E+02  
694   4.47367E+02  
703   4.60609E+02  
712   4.74082E+02  
721   4.87790E+02  
730   5.01738E+02  
739   5.15928E+02  
748   5.30365E+02  
757   5.45052E+02  
766   5.59994E+02  
775   5.75193E+02  
784   5.90655E+02  
793   6.06381E+02  
802   6.22377E+02  
811   6.38645E+02  
820   6.55190E+02  
829   6.72014E+02  
838   6.89121E+02  
847   7.06515E+02  
856   7.24199E+02  
865   7.42177E+02  
874   7.60452E+02  
883   7.79027E+02  
892   7.97907E+02  
901   8.17094E+02  
910   8.36592E+02  
919   8.56405E+02  
928   8.76535E+02  
937   8.96986E+02  
946   9.17761E+02  
955   9.38864E+02  
964   9.60299E+02  
973   9.82068E+02  
982   1.00417E+03  
991   1.02662E+03  
1000   1.04942E+03  
1090   1.29701E+03  
1180   1.58977E+03  
1270   1.93739E+03  
1360   2.34663E+03  
1450   2.82340E+03  
1540   3.37301E+03  
1630   4.00044E+03  
1720   4.71044E+03  
1810   5.50765E+03  
1900   6.39662E+03  
1990   7.38189E+03  
2080   8.48065E+03  
2170   9.67962E+03  
2260   1.09879E+04  
2350   1.24105E+04  
2440   1.39521E+04  
2530   1.56173E+04  
2620   1.74106E+04  
2710   1.93365E+04  
2800   2.13996E+04  
2890   2.36044E+04  
2980   2.59553E+04  
3070   2.84569E+04  
3160   3.11138E+04  
3250   3.39303E+04  
3340   3.69111E+04  
3430   4.00607E+04  
3520   4.33835E+04  
3610   4.68841E+04  
3700   5.05670E+04  
3790   5.44368E+04  
3880   5.84979E+04  
3970   6.27549E+04  
4060   6.72123E+04  
4150   7.18746E+04  
4240   7.67465E+04  
4330   8.18323E+04  
4420   8.71366E+04  
4510   9.26640E+04  
4600   9.84190E+04  
4690   1.04406E+05  
4780   1.10630E+05  
4870   1.17095E+05  
4960   1.23805E+05  
5050   1.30766E+05  
5140   1.37982E+05  
5230   1.45457E+05  
5320   1.53196E+05  
5410   1.61203E+05  
5500   1.69483E+05  
5590   1.78040E+05  
5680   1.86880E+05  
5770   1.96006E+05  
5860   2.05423E+05  
5950   2.15136E+05  
6040   2.25149E+05  
6130   2.35466E+05  
6220   2.46093E+05  
6310   2.57033E+05  
6400   2.68292E+05  
6490   2.79874E+05  
6580   2.91782E+05  
6670   3.04023E+05  
6760   3.16600E+05  
6850   3.29518E+05  
6940   3.42782E+05  
7030   3.56395E+05  
7120   3.70364E+05  
7210   3.84691E+05  
7300   3.99382E+05  
7390   4.14441E+05  
7480   4.29873E+05  
7570   4.45682E+05  
7660   4.61873E+05  
7750   4.78450E+05  
7840   4.95418E+05  
7930   5.12781E+05  
8020   5.30545E+05  
8110   5.48712E+05  
8200   5.67289E+05  
8290   5.86280E+05  
8380   6.05688E+05  
8470   6.25520E+05  
8560   6.45778E+05  
8650   6.66468E+05  
8740   6.87594E+05  
8830   7.09161E+05  
8920   7.31174E+05  
9010   7.53636E+05  
9100   7.76552E+05  
9190   7.99928E+05  
9280   8.23767E+05  
9370   8.48074E+05  
9460   8.72854E+05  
9550   8.98110E+05  
9640   9.23849E+05  
9730   9.50073E+05  
9820   9.76788E+05  
9910   1.00400E+06  
10000   1.03171E+06
10900   1.33730E+06  
11800   1.69786E+06  
12700   2.11792E+06  
13600   2.60204E+06  
14500   3.15474E+06  
15400   3.78056E+06  
16300   4.48404E+06  
17200   5.26973E+06  
18100   6.14216E+06  
19000   7.10587E+06  
19900   8.16539E+06  
20800   9.32528E+06  
21700   1.05900E+07  
22600   1.19643E+07  
23500   1.34524E+07  
24400   1.50591E+07  
25300   1.67889E+07  
26200   1.86462E+07  
27100   2.06357E+07  
28000   2.27618E+07  
28900   2.50291E+07  
29800   2.74422E+07  
30700   3.00056E+07  
31600   3.27237E+07  
32500   3.56013E+07  
33400   3.86427E+07  
34300   4.18526E+07  
35200   4.52354E+07  
36100   4.87958E+07  
37000   5.25382E+07  
37900   5.64672E+07  
38800   6.05873E+07  
39700   6.49031E+07  
40600   6.94191E+07  
41500   7.41399E+07  
42400   7.90700E+07  
43300   8.42138E+07  
44200   8.95760E+07  
45100   9.51612E+07  
46000   1.00974E+08  
46900   1.07018E+08  
47800   1.13299E+08  
48700   1.19822E+08  
49600   1.26589E+08  
50500   1.33607E+08  
51400   1.40880E+08  
52300   1.48411E+08  
53200   1.56207E+08  
54100   1.64271E+08  
55000   1.72607E+08  
55900   1.81221E+08  
56800   1.90117E+08  
57700   1.99299E+08  
58600   2.08773E+08  
59500   2.18542E+08  
60400   2.28610E+08  
61300   2.38984E+08  
62200   2.49666E+08  
63100   2.60663E+08  
64000   2.71977E+08  
64900   2.83614E+08  
65800   2.95579E+08  
66700   3.07875E+08  
67600   3.20508E+08  
68500   3.33482E+08  
69400   3.46801E+08  
70300   3.60470E+08  
71200   3.74494E+08  
72100   3.88876E+08  
73000   4.03623E+08  
73900   4.18737E+08  
74800   4.34224E+08  
75700   4.50089E+08  
76600   4.66335E+08  
77500   4.82967E+08  
78400   4.99990E+08  
79300   5.17409E+08  
80200   5.35227E+08  
81100   5.53450E+08  
82000   5.72082E+08  
82900   5.91128E+08  
83800   6.10591E+08  
84700   6.30477E+08  
85600   6.50791E+08  
86500   6.71535E+08  
87400   6.92717E+08  
88300   7.14339E+08  
89200   7.36406E+08  
90100   7.58923E+08  
91000   7.81894E+08  
91900   8.05325E+08  
92800   8.29218E+08  
93700   8.53580E+08  
94600   8.78415E+08  
95500   9.03726E+08  
96400   9.29519E+08  
97300   9.55798E+08  
98200   9.82568E+08  
99100   1.00983E+09  
100000   1.03760E+09    
